time	V(n007)
0.000000000000000e+00	2.498858e+00
4.848381094399532e-08	2.498942e+00
1.454514328320944e-07	2.499101e+00
3.393866766081841e-07	2.499340e+00
7.272571641603635e-07	2.499551e+00
1.119716671867631e-06	2.499498e+00
1.523745242935199e-06	2.499248e+00
1.954332524703494e-06	2.498914e+00
2.451081400641430e-06	2.498700e+00
2.929655796645001e-06	2.498841e+00
3.400361849378451e-06	2.499101e+00
3.940698307666269e-06	2.499230e+00
4.858206401416629e-06	2.499486e+00
5.691877406078182e-06	2.500000e+00
6.585364225506125e-06	2.500559e+00
7.696308662858255e-06	2.501109e+00
8.748272387037776e-06	2.501524e+00
1.015957746507840e-05	2.501855e+00
1.150343312806136e-05	2.501834e+00
1.284865302867181e-05	2.501417e+00
1.458896752710060e-05	2.500719e+00
1.671083101023520e-05	2.499794e+00
1.965094652861999e-05	2.498335e+00
2.231352765182147e-05	2.497654e+00
2.354673260960801e-05	2.497982e+00
2.497350294702948e-05	2.498725e+00
2.646718245977132e-05	2.499547e+00
2.874602718573984e-05	2.500998e+00
2.981050310943358e-05	2.501669e+00
3.071668131716292e-05	2.502047e+00
3.159703527728366e-05	2.501897e+00
3.214176045891065e-05	2.501443e+00
3.268282946905618e-05	2.500984e+00
3.328972279071502e-05	2.500792e+00
3.389972999282541e-05	2.500854e+00
3.457167294571484e-05	2.500905e+00
3.570128036175331e-05	2.500605e+00
3.672160104881399e-05	2.500316e+00
3.786201861190807e-05	2.500314e+00
3.902815778557994e-05	2.500063e+00
4.002739687740951e-05	2.499550e+00
4.098444196264507e-05	2.499492e+00
4.150247908709217e-05	2.499676e+00
4.232523746232700e-05	2.499913e+00
4.323330059880523e-05	2.500130e+00
4.465178143179150e-05	2.500194e+00
4.537977266232823e-05	2.500008e+00
4.641827365550548e-05	2.499861e+00
4.704342199864922e-05	2.499933e+00
4.794777039856450e-05	2.500058e+00
4.946083819107664e-05	2.500245e+00
5.035677379547246e-05	2.500336e+00
5.214864500426410e-05	2.500374e+00
5.340003743807228e-05	2.500175e+00
5.460881056242809e-05	2.499948e+00
5.597359346095861e-05	2.500012e+00
5.704167272476584e-05	2.500045e+00
5.799165546491625e-05	2.499879e+00
5.910201733097910e-05	2.499634e+00
6.022817469380018e-05	2.499336e+00
6.088565143420421e-05	2.499138e+00
6.154502506326004e-05	2.499082e+00
6.200254060179208e-05	2.499317e+00
6.238243104830202e-05	2.499668e+00
6.278331028104138e-05	2.499972e+00
6.311590049202283e-05	2.500105e+00
6.354160943975752e-05	2.500130e+00
6.403898103967038e-05	2.500017e+00
6.449880970441405e-05	2.499876e+00
6.509069594134369e-05	2.499781e+00
6.558096261050040e-05	2.499808e+00
6.628782499432226e-05	2.499820e+00
6.697575508893912e-05	2.499610e+00
6.762160158119244e-05	2.499473e+00
6.823317210110378e-05	2.499651e+00
6.887688381438913e-05	2.499822e+00
6.950045392175946e-05	2.499674e+00
7.016706605744553e-05	2.499397e+00
7.091106484765025e-05	2.499291e+00
7.165904569027444e-05	2.499439e+00
7.261654717123504e-05	2.499754e+00
7.382467981142742e-05	2.499970e+00
7.489503379160380e-05	2.499848e+00
7.605646065819921e-05	2.499814e+00
7.693005577491193e-05	2.500312e+00
7.770238433726419e-05	2.500954e+00
7.853640673787725e-05	2.501301e+00
7.900367767729732e-05	2.501215e+00
7.942847489245911e-05	2.500947e+00
7.985519294553649e-05	2.500575e+00
8.031561671206159e-05	2.500160e+00
8.091952618486168e-05	2.499700e+00
8.149591347106182e-05	2.499299e+00
8.203192349027632e-05	2.498932e+00
8.310394352870531e-05	2.498573e+00
8.388046788987511e-05	2.498874e+00
8.468437120636113e-05	2.499323e+00
8.550491868644964e-05	2.499476e+00
8.651223910700640e-05	2.499624e+00
8.786016863435143e-05	2.499809e+00
8.917610911750610e-05	2.499907e+00
9.072581280215029e-05	2.500406e+00
9.190535002223915e-05	2.501148e+00
9.313155494629550e-05	2.501848e+00
9.411410553902540e-05	2.502050e+00
9.509510263640720e-05	2.501960e+00
9.621579669784233e-05	2.501534e+00
9.745586375503829e-05	2.500747e+00
9.893054176601541e-05	2.500103e+00
1.001250948811742e-04	2.500181e+00
1.014726731920088e-04	2.500446e+00
1.027755496290466e-04	2.500275e+00
1.041807560908029e-04	2.499818e+00
1.056267324894285e-04	2.499621e+00
1.066717302521002e-04	2.499772e+00
1.082060946890393e-04	2.500204e+00
1.098308656774580e-04	2.500577e+00
1.107931144767253e-04	2.500400e+00
1.115583593837116e-04	2.499984e+00
1.127611551425521e-04	2.499280e+00
1.137740640101511e-04	2.498671e+00
1.157998817453490e-04	2.497842e+00
1.171650781072254e-04	2.497934e+00
1.184546289995907e-04	2.498279e+00
1.198644301904160e-04	2.498468e+00
1.222423933133522e-04	2.498722e+00
1.245534853776511e-04	2.498685e+00
1.270975480401696e-04	2.498494e+00
1.296246034428180e-04	2.499020e+00
1.320935330753284e-04	2.499786e+00
1.345971821287221e-04	2.500072e+00
1.372755198023526e-04	2.500160e+00
1.401519291299619e-04	2.500050e+00
1.429612817935787e-04	2.499682e+00
1.456572393978426e-04	2.499676e+00
1.471525545784833e-04	2.499922e+00
1.497386047246581e-04	2.500748e+00
1.514983521279439e-04	2.501594e+00
1.536398598669858e-04	2.502339e+00
1.550556884078054e-04	2.502413e+00
1.565008861449644e-04	2.502081e+00
1.581409878556126e-04	2.501245e+00
1.601937410362791e-04	2.500028e+00
1.617192113048615e-04	2.499195e+00
1.647701518420261e-04	2.497929e+00
1.660626766728995e-04	2.498070e+00
1.667687691173630e-04	2.498493e+00
1.676278137227826e-04	2.499058e+00
1.693459029336218e-04	2.499907e+00
1.702419987854246e-04	2.499939e+00
1.710577871748562e-04	2.499683e+00
1.720078944497381e-04	2.499443e+00
1.727983363213627e-04	2.499470e+00
1.736513226137182e-04	2.499837e+00
1.748271941407354e-04	2.500567e+00
1.759083256527360e-04	2.501037e+00
1.765879157539231e-04	2.501042e+00
1.771470473254446e-04	2.500833e+00
1.777837148016676e-04	2.500535e+00
1.783552161484593e-04	2.500370e+00
1.786756660319237e-04	2.500388e+00
1.789415351839155e-04	2.500494e+00
1.792094547636848e-04	2.500606e+00
1.796374834691022e-04	2.500637e+00
1.800761004128426e-04	2.500479e+00
1.805387511770863e-04	2.500219e+00
1.811326115309519e-04	2.499915e+00
1.817214010077737e-04	2.499691e+00
1.822136848961259e-04	2.499595e+00
1.826160332081056e-04	2.499630e+00
1.829477474515400e-04	2.499766e+00
1.832981912208864e-04	2.499975e+00
1.836881566676844e-04	2.500215e+00
1.842469633992385e-04	2.500473e+00
1.847219796781935e-04	2.500511e+00
1.852358080996751e-04	2.500423e+00
1.857535839918826e-04	2.500483e+00
1.863185707198209e-04	2.500761e+00
1.869000072132365e-04	2.501014e+00
1.878574582538267e-04	2.501203e+00
1.888506497591713e-04	2.501232e+00
1.904554624412459e-04	2.501163e+00
1.924338842835294e-04	2.501300e+00
1.947882126194964e-04	2.501567e+00
1.971197756181165e-04	2.501204e+00
1.993857803577763e-04	2.500485e+00
2.015599824956275e-04	2.499974e+00
2.034245485132495e-04	2.499764e+00
2.053173086062790e-04	2.500259e+00
2.068632663082929e-04	2.501143e+00
2.084706520315869e-04	2.501730e+00
2.100099440936073e-04	2.501666e+00
2.119823710933648e-04	2.501116e+00
2.141791318454800e-04	2.500310e+00
2.161236197676331e-04	2.499363e+00
2.195949980930343e-04	2.497757e+00
2.213543999087063e-04	2.497554e+00
2.226385236226941e-04	2.497791e+00
2.238949715350252e-04	2.498266e+00
2.258782621190375e-04	2.499237e+00
2.277034724225242e-04	2.499722e+00
2.288586953442746e-04	2.499525e+00
2.301622316616523e-04	2.499128e+00
2.317273182567990e-04	2.498955e+00
2.358047513021355e-04	2.498830e+00
2.409162670303832e-04	2.498914e+00
2.444611983918864e-04	2.499181e+00
2.481814533198106e-04	2.500068e+00
2.514958250057048e-04	2.501527e+00
2.545971646878485e-04	2.502841e+00
2.562943397556599e-04	2.503172e+00
2.582819614002844e-04	2.502893e+00
2.605914829334429e-04	2.502049e+00
2.627893719008083e-04	2.501601e+00
2.652088826622257e-04	2.501631e+00
2.676012898108270e-04	2.501182e+00
2.696160029093178e-04	2.500055e+00
2.723136110277814e-04	2.498733e+00
2.740949022388511e-04	2.498974e+00
2.753456202157241e-04	2.499351e+00
2.769968642001944e-04	2.499004e+00
2.784839757473979e-04	2.498646e+00
2.796690511343695e-04	2.498903e+00
2.807189816478848e-04	2.499163e+00
2.815320165044239e-04	2.499216e+00
2.823726731578768e-04	2.499466e+00
2.827225633518783e-04	2.499748e+00
2.829090230419920e-04	2.499973e+00
2.830921624975818e-04	2.500219e+00
2.832767543662229e-04	2.500450e+00
2.836459381035049e-04	2.500838e+00
2.840306547711811e-04	2.501105e+00
2.845299296035669e-04	2.501131e+00
2.850807535015002e-04	2.500771e+00
2.856105090805211e-04	2.500316e+00
2.863091540619970e-04	2.500019e+00
2.868203522020831e-04	2.500180e+00
2.874216587440276e-04	2.500588e+00
2.880320355425005e-04	2.500846e+00
2.888632395733805e-04	2.500987e+00
2.898058987436691e-04	2.501027e+00
2.916912170842462e-04	2.501129e+00
2.934757221674704e-04	2.501520e+00
2.956709658667919e-04	2.501698e+00
2.978537758288484e-04	2.501173e+00
2.998215561950400e-04	2.500719e+00
3.021377323707486e-04	2.500205e+00
3.046358879863226e-04	2.499384e+00
3.074921425677583e-04	2.498888e+00
3.091394605394812e-04	2.498680e+00
3.108308477886892e-04	2.498328e+00
3.126073846433620e-04	2.498352e+00
3.139485617469057e-04	2.498417e+00
3.152834168371511e-04	2.498279e+00
3.169371533087843e-04	2.498584e+00
3.180911594036527e-04	2.498994e+00
3.198000808043567e-04	2.499245e+00
3.216020274466702e-04	2.499075e+00
3.240086795521634e-04	2.498353e+00
3.262559997423677e-04	2.497870e+00
3.289765208202098e-04	2.498187e+00
3.316734107322389e-04	2.499318e+00
3.344895508952404e-04	2.500329e+00
3.365750878515373e-04	2.500386e+00
3.392008565887683e-04	2.500716e+00
3.410942934706455e-04	2.501698e+00
3.430606398283541e-04	2.502645e+00
3.443708560119835e-04	2.502729e+00
3.452921422311975e-04	2.502485e+00
3.464935315595191e-04	2.501994e+00
3.486725109606444e-04	2.501027e+00
3.505262902155507e-04	2.500489e+00
3.523534019407470e-04	2.500386e+00
3.543874610634884e-04	2.500530e+00
3.567607705221193e-04	2.500672e+00
3.589674032465713e-04	2.500264e+00
3.607560430683241e-04	2.499524e+00
3.627612685759611e-04	2.498928e+00
3.643352255121613e-04	2.498575e+00
3.660677528166718e-04	2.497918e+00
3.681469310138387e-04	2.497254e+00
3.703911115917008e-04	2.497432e+00
3.724802825983342e-04	2.498477e+00
3.745342681731828e-04	2.499914e+00
3.773068842386945e-04	2.501585e+00
3.787189754081141e-04	2.501720e+00
3.798299415790935e-04	2.501344e+00
3.811974403931458e-04	2.500901e+00
3.820574711609149e-04	2.500519e+00
3.828835322125697e-04	2.500052e+00
3.838365920759364e-04	2.499740e+00
3.846890563697607e-04	2.499575e+00
3.855565499901948e-04	2.499430e+00
3.864058670689554e-04	2.499538e+00
3.873632198065581e-04	2.499876e+00
3.882614325274081e-04	2.499895e+00
3.889393672271790e-04	2.499533e+00
3.897849543769980e-04	2.499123e+00
3.907883046401242e-04	2.499212e+00
3.916922364893805e-04	2.499515e+00
3.927378522244265e-04	2.499816e+00
3.948290836945186e-04	2.500701e+00
3.964092508019753e-04	2.501518e+00
3.978930431530491e-04	2.502031e+00
3.989207620489306e-04	2.502301e+00
4.004071853362282e-04	2.502365e+00
4.017680035566008e-04	2.501749e+00
4.032904275405209e-04	2.501143e+00
4.046781931443500e-04	2.501203e+00
4.063076389691672e-04	2.501287e+00
4.080134224482511e-04	2.500937e+00
4.104012958211149e-04	2.499966e+00
4.132515192074420e-04	2.498635e+00
4.159703412638821e-04	2.498051e+00
4.171394937885451e-04	2.498222e+00
4.182133776799622e-04	2.498487e+00
4.194348693317449e-04	2.498965e+00
4.203910101259777e-04	2.499578e+00
4.216487980988179e-04	2.500308e+00
4.222828226014660e-04	2.500463e+00
4.230085655804178e-04	2.500285e+00
4.236568059001491e-04	2.499871e+00
4.244720731856483e-04	2.499454e+00
4.251297746578863e-04	2.499558e+00
4.257629828713915e-04	2.500006e+00
4.265028397930500e-04	2.500539e+00
4.274686640250811e-04	2.501038e+00
4.281445269207934e-04	2.501203e+00
4.286949137846587e-04	2.501050e+00
4.290561642258851e-04	2.500713e+00
4.294134035222979e-04	2.500273e+00
4.297590034349621e-04	2.499881e+00
4.300372129890602e-04	2.499617e+00
4.302824720079034e-04	2.499451e+00
4.304764298304987e-04	2.499406e+00
4.306478724550732e-04	2.499463e+00
4.308059528301736e-04	2.499594e+00
4.309646663275423e-04	2.499779e+00
4.311731445890019e-04	2.500042e+00
4.314555427202360e-04	2.500362e+00
4.318194119295981e-04	2.500686e+00
4.321661051831489e-04	2.500875e+00
4.326182775110130e-04	2.500891e+00
4.330959190022896e-04	2.500653e+00
4.336029097717836e-04	2.500260e+00
4.342473298780805e-04	2.499741e+00
4.348958879149150e-04	2.499253e+00
4.354311397270560e-04	2.498984e+00
4.358706131495729e-04	2.498982e+00
4.362155615688115e-04	2.499129e+00
4.365589346548882e-04	2.499322e+00
4.371736100056652e-04	2.499663e+00
4.384029607072192e-04	2.500306e+00
4.388282439701468e-04	2.500440e+00
4.391934574908134e-04	2.500425e+00
4.394855167739785e-04	2.500304e+00
4.397771364112517e-04	2.500073e+00
4.401078637426454e-04	2.499737e+00
4.404462355230090e-04	2.499441e+00
4.408832669183976e-04	2.499237e+00
4.413775333076260e-04	2.499221e+00
4.419228101581889e-04	2.499331e+00
4.426202025532856e-04	2.499339e+00
4.433196028468975e-04	2.499043e+00
4.441410758648504e-04	2.498730e+00
4.451507914836826e-04	2.498966e+00
4.461434141867491e-04	2.499600e+00
4.471076365272816e-04	2.500231e+00
4.490360812083467e-04	2.501280e+00
4.505619274214312e-04	2.501632e+00
4.513897832364750e-04	2.501481e+00
4.522575889615677e-04	2.501073e+00
4.533535591706716e-04	2.500483e+00
4.544383322722540e-04	2.500252e+00
4.553274393815990e-04	2.500429e+00
4.562721805760418e-04	2.500502e+00
4.570719186456757e-04	2.500245e+00
4.581561158122088e-04	2.499923e+00
4.591232023831486e-04	2.500128e+00
4.599860690388044e-04	2.500612e+00
4.608941482978439e-04	2.500786e+00
4.616340545275875e-04	2.500517e+00
4.625906933446303e-04	2.500009e+00
4.639352994368701e-04	2.499211e+00
4.664317279668832e-04	2.497803e+00
4.674974659198489e-04	2.497767e+00
4.684192023307560e-04	2.498339e+00
4.695471768202822e-04	2.499107e+00
4.709423547704804e-04	2.499700e+00
4.723471071307685e-04	2.500283e+00
4.742857081361765e-04	2.501109e+00
4.758353071131748e-04	2.501395e+00
4.767581938943807e-04	2.501356e+00
4.777255324804246e-04	2.501179e+00
4.791489061648784e-04	2.500686e+00
4.805097416275973e-04	2.499986e+00
4.821239756085996e-04	2.498929e+00
4.828992449276797e-04	2.498512e+00
4.836406860412969e-04	2.498581e+00
4.841405068449131e-04	2.498986e+00
4.846332396641238e-04	2.499287e+00
4.850915808479856e-04	2.499165e+00
4.856244507101895e-04	2.498845e+00
4.862281898127183e-04	2.498635e+00
4.874356680177757e-04	2.498497e+00
4.885427181391519e-04	2.498670e+00
4.896071303887202e-04	2.499367e+00
4.908316247404568e-04	2.500445e+00
4.921121109249214e-04	2.500934e+00
4.928947431343590e-04	2.500602e+00
4.937955995538497e-04	2.500086e+00
4.947092626694008e-04	2.499872e+00
4.956882697075985e-04	2.499811e+00
4.971310963856794e-04	2.500069e+00
4.980486657966594e-04	2.500369e+00
4.986949271463626e-04	2.500427e+00
4.987967782259810e-04	2.500441e+00
4.989131794598306e-04	2.500470e+00
4.991459819275298e-04	2.500507e+00
4.995423950646016e-04	2.500498e+00
4.995866807788880e-04	2.500473e+00
4.996309664931745e-04	2.500445e+00
4.996752522074609e-04	2.500413e+00
4.997195379217473e-04	2.500378e+00
4.997638236360337e-04	2.500339e+00
4.998081093503202e-04	2.500297e+00
4.998523950646065e-04	2.500251e+00
4.998737671982342e-04	2.500228e+00
4.998951393318618e-04	2.500205e+00
4.999165114654894e-04	2.500181e+00
4.999378835991172e-04	2.500157e+00
4.999592557327448e-04	2.500132e+00
4.999806278663724e-04	2.500107e+00
5.000020000000000e-04	2.500082e+00
5.000026000000000e-04	2.500103e+00
5.000040000000001e-04	2.500190e+00
5.000045600000002e-04	2.500211e+00
5.000052000000003e-04	2.500216e+00
5.000141600000009e-04	2.500181e+00
5.000448800000030e-04	2.500014e+00
5.000858400000059e-04	2.499758e+00
5.001677600000116e-04	2.499218e+00
5.003316000000231e-04	2.498155e+00
5.006592800000460e-04	2.496240e+00
5.013146400000919e-04	2.493037e+00
5.020520495811864e-04	2.490428e+00
5.031527489221873e-04	2.488115e+00
5.043461340605458e-04	2.486568e+00
5.057787442901587e-04	2.485075e+00
5.073501661690873e-04	2.483972e+00
5.092920179764961e-04	2.483801e+00
5.113131885643460e-04	2.484557e+00
5.121721922754481e-04	2.485103e+00
5.129888604859677e-04	2.486012e+00
5.133793916314677e-04	2.486727e+00
5.134011957515598e-04	2.486776e+00
5.134448039917441e-04	2.486874e+00
5.134584987735282e-04	2.486904e+00
5.134686150942050e-04	2.486925e+00
5.134807043165549e-04	2.486951e+00
5.134918188547603e-04	2.486974e+00
5.135140479311713e-04	2.487019e+00
5.135349447485842e-04	2.487061e+00
5.135767383834102e-04	2.487139e+00
5.136282072915725e-04	2.487228e+00
5.137311451078970e-04	2.487384e+00
5.138911105938486e-04	2.487578e+00
5.142110415657520e-04	2.487916e+00
5.148414820013638e-04	2.488640e+00
5.154858663255842e-04	2.489329e+00
5.163373826504677e-04	2.489969e+00
5.170587849084869e-04	2.490565e+00
5.178329357543071e-04	2.491555e+00
5.185972481543399e-04	2.492546e+00
5.194848404410956e-04	2.493211e+00
5.206471732452553e-04	2.493469e+00
5.218350008536615e-04	2.493559e+00
5.233072616560737e-04	2.493811e+00
5.247978392284071e-04	2.494109e+00
5.264472611147882e-04	2.494357e+00
5.277000201423696e-04	2.494667e+00
5.298605234305537e-04	2.495619e+00
5.312558748553939e-04	2.496469e+00
5.340465777050744e-04	2.498563e+00
5.366861229367239e-04	2.500573e+00
5.389805633376295e-04	2.501829e+00
5.412980641450046e-04	2.502608e+00
5.431500357446881e-04	2.502820e+00
5.451554047498401e-04	2.502360e+00
5.470350878065957e-04	2.501885e+00
5.488850054044447e-04	2.501722e+00
5.505998062288800e-04	2.501216e+00
5.522124835613904e-04	2.500239e+00
5.539885850608748e-04	2.499252e+00
5.558793657646302e-04	2.498705e+00
5.575467415341569e-04	2.498548e+00
5.595840816838339e-04	2.498798e+00
5.622457921951531e-04	2.499479e+00
5.638433199529596e-04	2.499430e+00
5.653859148735288e-04	2.499207e+00
5.666513928447834e-04	2.499534e+00
5.677903197700734e-04	2.499969e+00
5.690169800674214e-04	2.500118e+00
5.704057964204966e-04	2.500014e+00
5.721033761477482e-04	2.499669e+00
5.743138534194043e-04	2.499366e+00
5.759184861009723e-04	2.499839e+00
5.775780594752266e-04	2.500773e+00
5.786291079409901e-04	2.500780e+00
5.799288687926003e-04	2.499907e+00
5.807347622027561e-04	2.499505e+00
5.816794117419191e-04	2.499496e+00
5.824224223750405e-04	2.499493e+00
5.833376120097146e-04	2.499318e+00
5.844532589651221e-04	2.499162e+00
5.855951137939892e-04	2.499221e+00
5.878788234517233e-04	2.499561e+00
5.899078240788984e-04	2.499663e+00
5.918708974771375e-04	2.499728e+00
5.932780971361312e-04	2.500343e+00
5.946893603254459e-04	2.501353e+00
5.958572024255737e-04	2.501678e+00
5.967612299532883e-04	2.501302e+00
5.976465104026855e-04	2.500726e+00
5.985952819794163e-04	2.500479e+00
5.992178789650732e-04	2.500661e+00
5.999285130647350e-04	2.500907e+00
6.004559404014463e-04	2.500955e+00
6.010217776112198e-04	2.501045e+00
6.017985151999133e-04	2.501150e+00
6.025200653500574e-04	2.501005e+00
6.034223028717487e-04	2.500678e+00
6.044182984283686e-04	2.500404e+00
6.056079688394433e-04	2.500336e+00
6.067225572795563e-04	2.500550e+00
6.079795654811290e-04	2.500709e+00
6.093007966768477e-04	2.500339e+00
6.106258010532732e-04	2.499653e+00
6.118189905664222e-04	2.499215e+00
6.127005306001672e-04	2.499234e+00
6.133410319144649e-04	2.499627e+00
6.139725709192916e-04	2.500206e+00
6.146424987955555e-04	2.500516e+00
6.151961060035457e-04	2.500338e+00
6.158534665820627e-04	2.499905e+00
6.165004311177958e-04	2.499607e+00
6.171960147899592e-04	2.499472e+00
6.181048516748298e-04	2.499430e+00
6.190068290233338e-04	2.499401e+00
6.201814378355654e-04	2.499366e+00
6.216446556867733e-04	2.499473e+00
6.226854977758537e-04	2.499779e+00
6.236806151702808e-04	2.500139e+00
6.246780221850138e-04	2.500171e+00
6.252627958170075e-04	2.499993e+00
6.259529076870041e-04	2.499827e+00
6.266389350505226e-04	2.499763e+00
6.273807670692454e-04	2.499561e+00
6.281861467109784e-04	2.499109e+00
6.290075591914872e-04	2.498698e+00
6.299458443217595e-04	2.498576e+00
6.308738026820568e-04	2.498556e+00
6.317220633755309e-04	2.498314e+00
6.324263724874345e-04	2.498068e+00
6.333465932717860e-04	2.497987e+00
6.346745246736576e-04	2.498163e+00
6.359265553056730e-04	2.498475e+00
6.373990380938728e-04	2.499213e+00
6.390303755152522e-04	2.500633e+00
6.400699775776599e-04	2.501524e+00
6.412504606161265e-04	2.501884e+00
6.423283586222852e-04	2.501699e+00
6.435440188689420e-04	2.501290e+00
6.450233470336321e-04	2.500608e+00
6.459625084225156e-04	2.500030e+00
6.473997924780154e-04	2.498982e+00
6.484395814752185e-04	2.498337e+00
6.497089512195354e-04	2.498023e+00
6.511914154462063e-04	2.498389e+00
6.525906300704314e-04	2.499397e+00
6.541625878054974e-04	2.500758e+00
6.557648830641781e-04	2.501546e+00
6.567263071792500e-04	2.501327e+00
6.574736402964320e-04	2.500799e+00
6.583864119862914e-04	2.500264e+00
6.591170053600933e-04	2.500134e+00
6.598388421706202e-04	2.500141e+00
6.605885802855498e-04	2.500084e+00
6.616846922762637e-04	2.500025e+00
6.627907507405083e-04	2.500026e+00
6.638085709755792e-04	2.499799e+00
6.644669233000359e-04	2.499368e+00
6.652484919226170e-04	2.498714e+00
6.660766703117406e-04	2.498210e+00
6.671783930698317e-04	2.498041e+00
6.684163181844792e-04	2.498527e+00
6.693323653999301e-04	2.499196e+00
6.700977966209178e-04	2.499513e+00
6.708859192944077e-04	2.499362e+00
6.714873907046864e-04	2.499168e+00
6.722266314859618e-04	2.499057e+00
6.734501746994178e-04	2.499015e+00
6.744066833898393e-04	2.499247e+00
6.758313702434477e-04	2.500094e+00
6.766348258951493e-04	2.500395e+00
6.776856004311110e-04	2.500104e+00
6.785729615426061e-04	2.499548e+00
6.795364041310469e-04	2.499091e+00
6.805130753390978e-04	2.499149e+00
6.815673983182114e-04	2.499886e+00
6.822606248343039e-04	2.500522e+00
6.829846337590474e-04	2.500802e+00
6.837067521159521e-04	2.500579e+00
6.842777674341859e-04	2.500389e+00
6.850282538653839e-04	2.500419e+00
6.857147833896364e-04	2.500496e+00
6.865057983433736e-04	2.500464e+00
6.874110779668959e-04	2.500444e+00
6.882341736926016e-04	2.500517e+00
6.893596006720126e-04	2.500781e+00
6.906380303852396e-04	2.501180e+00
6.915717631814594e-04	2.501154e+00
6.920907724414914e-04	2.500837e+00
6.926241234967889e-04	2.500456e+00
6.932124198648101e-04	2.500288e+00
6.937645755721873e-04	2.500323e+00
6.943490129444013e-04	2.500320e+00
6.950873985117462e-04	2.500104e+00
6.958794085245648e-04	2.499872e+00
6.967413916282941e-04	2.499943e+00
6.973902980128741e-04	2.500122e+00
6.980562580964562e-04	2.500135e+00
6.986981362330886e-04	2.500069e+00
6.993642937131153e-04	2.500266e+00
6.999462559705355e-04	2.500676e+00
7.005703624736602e-04	2.500941e+00
7.012912763188479e-04	2.500734e+00
7.019454022522164e-04	2.500373e+00
7.025900345965629e-04	2.500099e+00
7.033584004938161e-04	2.499904e+00
7.040182405744935e-04	2.500111e+00
7.046951758359651e-04	2.500819e+00
7.053658168473666e-04	2.501583e+00
7.061716703121374e-04	2.502089e+00
7.072370255340004e-04	2.502195e+00
7.083225483879708e-04	2.502100e+00
7.098561986332178e-04	2.502185e+00
7.114465346834723e-04	2.502341e+00
7.129042162339848e-04	2.501912e+00
7.142830753075341e-04	2.501148e+00
7.155335008052846e-04	2.500698e+00
7.167334183835932e-04	2.500386e+00
7.178857804723581e-04	2.500132e+00
7.193047372119948e-04	2.499849e+00
7.207596444383482e-04	2.499424e+00
7.217828265895724e-04	2.499288e+00
7.228747480259405e-04	2.499242e+00
7.239514749546225e-04	2.499191e+00
7.248542331891733e-04	2.499471e+00
7.256640036290684e-04	2.499766e+00
7.265531366532063e-04	2.499747e+00
7.273584427534674e-04	2.499709e+00
7.282224457734092e-04	2.499869e+00
7.297477338915291e-04	2.500094e+00
7.310727813288655e-04	2.499708e+00
7.321693956063916e-04	2.498871e+00
7.330277436821315e-04	2.498283e+00
7.337373119707996e-04	2.498268e+00
7.342449221551641e-04	2.498639e+00
7.346888541881296e-04	2.499053e+00
7.351111361341670e-04	2.499271e+00
7.355033612332612e-04	2.499248e+00
7.359294388949590e-04	2.499003e+00
7.364375654563445e-04	2.498563e+00
7.371015945330658e-04	2.498053e+00
7.379356262417751e-04	2.497696e+00
7.388057700693099e-04	2.497566e+00
7.397765393188404e-04	2.497554e+00
7.417180778179011e-04	2.497679e+00
7.444322119730233e-04	2.498210e+00
7.461591133053622e-04	2.499011e+00
7.474644429271240e-04	2.499681e+00
7.485910687850324e-04	2.499827e+00
7.495167506560688e-04	2.499715e+00
7.507602431431110e-04	2.499624e+00
7.519305116327638e-04	2.499638e+00
7.528883463267621e-04	2.499901e+00
7.538692281390872e-04	2.500409e+00
7.550443944600688e-04	2.501004e+00
7.561747396928548e-04	2.501598e+00
7.573336104722691e-04	2.501988e+00
7.585675020712892e-04	2.501693e+00
7.594879734606850e-04	2.501160e+00
7.604848270224924e-04	2.500700e+00
7.610811793049234e-04	2.500569e+00
7.616557115571289e-04	2.500592e+00
7.621701504677383e-04	2.500738e+00
7.627005898889912e-04	2.500874e+00
7.633209224975786e-04	2.500880e+00
7.639568724381329e-04	2.500856e+00
7.648091403564272e-04	2.501077e+00
7.656999053428498e-04	2.501546e+00
7.666546854005073e-04	2.501793e+00
7.675917678815537e-04	2.501491e+00
7.685318212197936e-04	2.501029e+00
7.695648375606091e-04	2.500695e+00
7.706057450910068e-04	2.500315e+00
7.718681692948965e-04	2.499593e+00
7.733073554300810e-04	2.498689e+00
7.742966813446609e-04	2.498255e+00
7.755753628639738e-04	2.498095e+00
7.767391416414794e-04	2.498166e+00
7.777869647803864e-04	2.498171e+00
7.790736180608934e-04	2.497997e+00
7.809857279185190e-04	2.497718e+00
7.819633025321956e-04	2.497853e+00
7.830794835677907e-04	2.498553e+00
7.839089895558128e-04	2.499368e+00
7.847564467023955e-04	2.500082e+00
7.856726779724578e-04	2.500342e+00
7.864725424164545e-04	2.500361e+00
7.873781492969208e-04	2.500675e+00
7.882784853018899e-04	2.501228e+00
7.890207737530886e-04	2.501434e+00
7.897565810242031e-04	2.501439e+00
7.905766929230534e-04	2.501520e+00
7.912726121170712e-04	2.501409e+00
7.919794612210448e-04	2.501065e+00
7.928548209060187e-04	2.500682e+00
7.934493046041192e-04	2.500554e+00
7.939134912468601e-04	2.500646e+00
7.943022417186327e-04	2.500918e+00
7.947029227566712e-04	2.501325e+00
7.951330441394486e-04	2.501795e+00
7.959867311494004e-04	2.502577e+00
7.970765531459885e-04	2.503150e+00
7.983886076087297e-04	2.503061e+00
7.999317588227302e-04	2.502145e+00
8.010711261361243e-04	2.501563e+00
8.021643194262905e-04	2.501413e+00
8.031568423975857e-04	2.501465e+00
8.045473946410471e-04	2.501553e+00
8.056537270228275e-04	2.501289e+00
8.068579183067236e-04	2.500842e+00
8.080849924720919e-04	2.500868e+00
8.092833777658529e-04	2.501034e+00
8.103164971722846e-04	2.500548e+00
8.113302518912349e-04	2.499537e+00
8.124375678909832e-04	2.498464e+00
8.136098633933192e-04	2.497572e+00
8.144068893818897e-04	2.497382e+00
8.154461922764773e-04	2.498007e+00
8.164080143027623e-04	2.499135e+00
8.173799936858602e-04	2.500231e+00
8.182797782021510e-04	2.500750e+00
8.191635868155715e-04	2.500698e+00
8.200985978049210e-04	2.500368e+00
8.210402364601959e-04	2.499963e+00
8.223201890729952e-04	2.499315e+00
8.232371500795407e-04	2.498996e+00
8.240580264721510e-04	2.499074e+00
8.246497957195575e-04	2.499434e+00
8.253237649565480e-04	2.499887e+00
8.259761563115156e-04	2.499989e+00
8.264720813247434e-04	2.499879e+00
8.270059990266802e-04	2.499855e+00
8.275002470274735e-04	2.499964e+00
8.280539217571327e-04	2.500036e+00
8.284748022477149e-04	2.499951e+00
8.289544982971601e-04	2.499712e+00
8.295087825563100e-04	2.499443e+00
8.299243361155903e-04	2.499390e+00
8.302072350570918e-04	2.499454e+00
8.304916107293662e-04	2.499495e+00
8.307872912676404e-04	2.499403e+00
8.311060450341486e-04	2.499178e+00
8.314511872643850e-04	2.498976e+00
8.320152158136542e-04	2.498940e+00
8.325530853103003e-04	2.499057e+00
8.331846253967381e-04	2.499022e+00
8.339094915288997e-04	2.498708e+00
8.345240359106867e-04	2.498550e+00
8.352837285315331e-04	2.498873e+00
8.361177889695407e-04	2.499713e+00
8.370278796753121e-04	2.500730e+00
8.382449402748791e-04	2.501811e+00
8.389747802712972e-04	2.502106e+00
8.396100186008363e-04	2.501965e+00
8.401868980573829e-04	2.501602e+00
8.407602567175967e-04	2.501271e+00
8.415515025352316e-04	2.501153e+00
8.425085659913316e-04	2.501469e+00
8.434055417941976e-04	2.501987e+00
8.447139998214264e-04	2.502481e+00
8.461208385766822e-04	2.502142e+00
8.475132653616539e-04	2.500854e+00
8.490272231524041e-04	2.499073e+00
8.500388092920973e-04	2.498322e+00
8.512894671842963e-04	2.498138e+00
8.523294059181695e-04	2.498167e+00
8.534437519362563e-04	2.498104e+00
8.548458058686465e-04	2.497992e+00
8.563930643499941e-04	2.497941e+00
8.577054729992306e-04	2.498080e+00
8.589156464644766e-04	2.498766e+00
8.600594896959045e-04	2.500011e+00
8.610143108204824e-04	2.500935e+00
8.621842685348621e-04	2.501280e+00
8.631350260699562e-04	2.501002e+00
8.641915823058058e-04	2.500574e+00
8.653741747315267e-04	2.500304e+00
8.666576380791397e-04	2.499910e+00
8.677055861416904e-04	2.499310e+00
8.688143846791168e-04	2.498647e+00
8.699166902972218e-04	2.498168e+00
8.709092398100163e-04	2.497970e+00
8.716808926496236e-04	2.498282e+00
8.725112530204083e-04	2.499190e+00
8.731497634949670e-04	2.499880e+00
8.740021323189137e-04	2.500366e+00
8.748102862153782e-04	2.500712e+00
8.756827362846351e-04	2.501287e+00
8.764272811435008e-04	2.501680e+00
8.774272903108659e-04	2.501800e+00
8.783303007480914e-04	2.501715e+00
8.794284197763023e-04	2.501437e+00
8.802617203979358e-04	2.501218e+00
8.815193346664758e-04	2.501222e+00
8.827341810352992e-04	2.501468e+00
8.840361698925464e-04	2.501522e+00
8.855269239306822e-04	2.501161e+00
8.866786596954887e-04	2.500997e+00
8.880038746041986e-04	2.501180e+00
8.890616687741587e-04	2.501192e+00
8.905548648368716e-04	2.500509e+00
8.920306013834953e-04	2.499506e+00
8.930815585663236e-04	2.499118e+00
8.941343079023596e-04	2.498996e+00
8.952020451746480e-04	2.498849e+00
8.968467291586850e-04	2.498689e+00
8.985364836353593e-04	2.498705e+00
8.995362183875533e-04	2.498842e+00
9.002627219491148e-04	2.498929e+00
9.010130399781408e-04	2.499132e+00
9.017698790457025e-04	2.499618e+00
9.026738131650178e-04	2.500231e+00
9.036723841209214e-04	2.500599e+00
9.043584431010073e-04	2.500524e+00
9.049436378630001e-04	2.500313e+00
9.056052294067595e-04	2.500241e+00
9.060692280383976e-04	2.500381e+00
9.066453345128800e-04	2.500589e+00
9.070799746037834e-04	2.500595e+00
9.074044186006692e-04	2.500521e+00
9.077052146429221e-04	2.500485e+00
9.081032226126516e-04	2.500532e+00
9.085423061391872e-04	2.500688e+00
9.091401627123554e-04	2.500978e+00
9.098764114937570e-04	2.501250e+00
9.109098190567641e-04	2.501334e+00
9.120757716067119e-04	2.500945e+00
9.132061982386080e-04	2.500164e+00
9.144094426083199e-04	2.499297e+00
9.156095637168115e-04	2.498634e+00
9.168198008953038e-04	2.498249e+00
9.178163026757388e-04	2.498235e+00
9.188207167993580e-04	2.498563e+00
9.200050990851361e-04	2.499269e+00
9.211024560668200e-04	2.499818e+00
9.222245300925713e-04	2.499947e+00
9.233080465155259e-04	2.499781e+00
9.244805488271301e-04	2.499714e+00
9.255791799817001e-04	2.500094e+00
9.267822208042604e-04	2.500767e+00
9.278707617525297e-04	2.501204e+00
9.285469141576037e-04	2.501264e+00
9.291026691602160e-04	2.501057e+00
9.295025683684591e-04	2.500717e+00
9.299064439977820e-04	2.500265e+00
9.302732179343955e-04	2.499852e+00
9.305233116396288e-04	2.499640e+00
9.307084944321267e-04	2.499572e+00
9.308728115551316e-04	2.499589e+00
9.310377319055609e-04	2.499659e+00
9.312244200321710e-04	2.499756e+00
9.314224401251992e-04	2.499827e+00
9.315769213196535e-04	2.499826e+00
9.317498962295326e-04	2.499744e+00
9.319387911260598e-04	2.499579e+00
9.321664558088875e-04	2.499351e+00
9.324995083910810e-04	2.499141e+00
9.328411118471548e-04	2.499209e+00
9.332434409385468e-04	2.499567e+00
9.336198224185188e-04	2.499875e+00
9.340913259072692e-04	2.500029e+00
9.346134834373541e-04	2.500129e+00
9.351608637575522e-04	2.500413e+00
9.356387251435285e-04	2.500794e+00
9.362174885830204e-04	2.501197e+00
9.366889288805289e-04	2.501277e+00
9.371632506135980e-04	2.501068e+00
9.376536535440599e-04	2.500778e+00
9.383526744836854e-04	2.500454e+00
9.394182660111036e-04	2.499979e+00
9.404224953843919e-04	2.499602e+00
9.412790472449176e-04	2.499492e+00
9.420273990775590e-04	2.499471e+00
9.428304993577409e-04	2.499298e+00
9.434751801833089e-04	2.499061e+00
9.440947093777568e-04	2.498894e+00
9.449334707724777e-04	2.498867e+00
9.458847410879407e-04	2.499112e+00
9.470520594342636e-04	2.499755e+00
9.481685439465908e-04	2.500518e+00
9.493346589928714e-04	2.501078e+00
9.499524369773202e-04	2.500930e+00
9.503020303350716e-04	2.500566e+00
9.507198839256421e-04	2.500047e+00
9.511571900842428e-04	2.499591e+00
9.517626360530296e-04	2.499064e+00
9.524701213824440e-04	2.498643e+00
9.533313602698879e-04	2.498529e+00
9.542520174057542e-04	2.498837e+00
9.552729795485441e-04	2.499518e+00
9.565312976443467e-04	2.500331e+00
9.577347068564304e-04	2.500667e+00
9.587689886218938e-04	2.500592e+00
9.598705252547033e-04	2.500115e+00
9.606372369537510e-04	2.499476e+00
9.613725317175277e-04	2.498954e+00
9.622179672894220e-04	2.498815e+00
9.629188882874465e-04	2.498799e+00
9.636671871955467e-04	2.498567e+00
9.642074622802637e-04	2.498420e+00
9.649964912823992e-04	2.498673e+00
9.657964687144985e-04	2.499447e+00
9.663730111092931e-04	2.499979e+00
9.672524237838718e-04	2.500213e+00
9.680781544599813e-04	2.500114e+00
9.688846542385623e-04	2.500032e+00
9.698392151085207e-04	2.499838e+00
9.708351685318215e-04	2.499400e+00
9.715366277125344e-04	2.499288e+00
9.725121238488099e-04	2.499804e+00
9.733025355216480e-04	2.500390e+00
9.741910147801236e-04	2.500607e+00
9.750663994168153e-04	2.500344e+00
9.760106578937120e-04	2.499929e+00
9.772461575793395e-04	2.499521e+00
9.783228685237744e-04	2.499397e+00
9.794281229043994e-04	2.499422e+00
9.805143636991511e-04	2.499438e+00
9.816118995944706e-04	2.499595e+00
9.830919512433338e-04	2.500018e+00
9.841365430807545e-04	2.500045e+00
9.851755863033447e-04	2.499816e+00
9.861619300447610e-04	2.499799e+00
9.871847310831490e-04	2.500106e+00
9.884094114210097e-04	2.500783e+00
9.893330573303106e-04	2.501218e+00
9.903712458148516e-04	2.501210e+00
9.909426161310280e-04	2.501087e+00
9.916075696556849e-04	2.501070e+00
9.922946009883267e-04	2.501185e+00
9.930316896907747e-04	2.501463e+00
9.940143174915698e-04	2.501699e+00
9.950237211255152e-04	2.501250e+00
9.959597973256986e-04	2.500471e+00
9.969635544531434e-04	2.499831e+00
9.979709502383489e-04	2.499408e+00
9.990668641441591e-04	2.499116e+00
1.000160735680162e-03	2.499066e+00
1.001224088218972e-03	2.499351e+00
1.001821420036216e-03	2.499750e+00
1.002444286227475e-03	2.500184e+00
1.003049802557111e-03	2.500365e+00
1.003650465691156e-03	2.500366e+00
1.004272259278645e-03	2.500354e+00
1.005358775642101e-03	2.500523e+00
1.006544598533905e-03	2.500910e+00
1.007646393303762e-03	2.501142e+00
1.008622222532689e-03	2.500857e+00
1.009546756960980e-03	2.500154e+00
1.010602358593973e-03	2.499298e+00
1.011612288536913e-03	2.498662e+00
1.012577264817468e-03	2.498269e+00
1.013704478442972e-03	2.498147e+00
1.014731946946838e-03	2.498382e+00
1.015688265229683e-03	2.498797e+00
1.016812006092825e-03	2.499437e+00
1.018636810230686e-03	2.500463e+00
1.019703535687515e-03	2.500547e+00
1.020620999909714e-03	2.500412e+00
1.021539700907705e-03	2.500642e+00
1.022363957420666e-03	2.500956e+00
1.023216022405549e-03	2.501110e+00
1.024142306328414e-03	2.501268e+00
1.025068021604732e-03	2.501406e+00
1.026136602045310e-03	2.501143e+00
1.027054302404641e-03	2.500433e+00
1.028054987070608e-03	2.499588e+00
1.028937363485485e-03	2.499267e+00
1.029818895682912e-03	2.499278e+00
1.030614657742329e-03	2.499345e+00
1.031772845063500e-03	2.499535e+00
1.032694252092764e-03	2.499707e+00
1.033430341994635e-03	2.499817e+00
1.034212906744798e-03	2.499989e+00
1.034518560128628e-03	2.500131e+00
1.034774646863149e-03	2.500343e+00
1.035023825003495e-03	2.500628e+00
1.035296209605090e-03	2.500957e+00
1.035792822937712e-03	2.501437e+00
1.036487208179341e-03	2.501841e+00
1.037229182867456e-03	2.502028e+00
1.038250799368247e-03	2.502175e+00
1.039805642201184e-03	2.502438e+00
1.041915439721476e-03	2.502520e+00
1.044006866219771e-03	2.502028e+00
1.046447248366689e-03	2.501373e+00
1.048786786214965e-03	2.501006e+00
1.050426219007947e-03	2.500360e+00
1.052310073849500e-03	2.499218e+00
1.053489120939738e-03	2.498999e+00
1.055085503131801e-03	2.499487e+00
1.056331137985672e-03	2.499769e+00
1.057597035435877e-03	2.499678e+00
1.058831967553869e-03	2.499532e+00
1.060578187311058e-03	2.499715e+00
1.062277686881731e-03	2.500156e+00
1.063375286409783e-03	2.500097e+00
1.064624426676851e-03	2.499598e+00
1.065846903394052e-03	2.499151e+00
1.067548972676347e-03	2.498682e+00
1.069298121964799e-03	2.498099e+00
1.071523303659996e-03	2.497060e+00
1.072646874440093e-03	2.496614e+00
1.073680571408003e-03	2.496602e+00
1.074836060270255e-03	2.497167e+00
1.075778766077390e-03	2.497999e+00
1.076745938299497e-03	2.498836e+00
1.077918703379956e-03	2.499463e+00
1.078922292241316e-03	2.499783e+00
1.079949043709112e-03	2.499894e+00
1.080967674635004e-03	2.500030e+00
1.081903530864385e-03	2.500608e+00
1.082703506205290e-03	2.501195e+00
1.083559316063479e-03	2.501547e+00
1.084554021697404e-03	2.501827e+00
1.085583146450078e-03	2.501990e+00
1.086924943644825e-03	2.501910e+00
1.088637947800105e-03	2.501499e+00
1.090199012142560e-03	2.500947e+00
1.091747074331942e-03	2.500374e+00
1.093145239533517e-03	2.499969e+00
1.094520654278496e-03	2.499918e+00
1.095545252471028e-03	2.500082e+00
1.096601202948239e-03	2.500120e+00
1.097505277860272e-03	2.500039e+00
1.098618761005548e-03	2.500148e+00
1.099518170988771e-03	2.500484e+00
1.100510330923582e-03	2.500882e+00
1.101784328354801e-03	2.501186e+00
1.103499092576596e-03	2.501036e+00
1.104714667831605e-03	2.500246e+00
1.105948367528400e-03	2.499063e+00
1.107250251512696e-03	2.498204e+00
1.108150606372962e-03	2.498178e+00
1.108814752231381e-03	2.498339e+00
1.109436850672094e-03	2.498268e+00
1.110098537245817e-03	2.498045e+00
1.110821225636389e-03	2.498029e+00
1.111630911576696e-03	2.498328e+00
1.112566849371510e-03	2.498728e+00
1.113512970093074e-03	2.498990e+00
1.115106891375880e-03	2.499255e+00
1.116979701262255e-03	2.499469e+00
1.118956789959155e-03	2.499873e+00
1.120834650128420e-03	2.500767e+00
1.122702932353180e-03	2.501875e+00
1.123916998560620e-03	2.502205e+00
1.124916612440192e-03	2.501814e+00
1.125657318412655e-03	2.501141e+00
1.126443133884240e-03	2.500565e+00
1.127210417232372e-03	2.500507e+00
1.128026742764954e-03	2.500809e+00
1.128858124884828e-03	2.501159e+00
1.130086424066034e-03	2.501582e+00
1.132060093088938e-03	2.501853e+00
1.133520802953148e-03	2.501303e+00
1.135248240602273e-03	2.500239e+00
1.136481779981205e-03	2.499871e+00
1.137810305869393e-03	2.499542e+00
1.139058811008546e-03	2.498905e+00
1.139874304143964e-03	2.498783e+00
1.140935475497760e-03	2.499428e+00
1.141912799954046e-03	2.500151e+00
1.142833575202218e-03	2.500278e+00
1.143787095312971e-03	2.500034e+00
1.144657747437558e-03	2.500016e+00
1.145680351130462e-03	2.500010e+00
1.146760620525663e-03	2.499491e+00
1.147734937076289e-03	2.498751e+00
1.148755540512918e-03	2.498160e+00
1.149458753610895e-03	2.498080e+00
1.150153295474673e-03	2.498369e+00
1.150863567816016e-03	2.498800e+00
1.151762170008494e-03	2.499197e+00
1.152826517890588e-03	2.499519e+00
1.153843638094751e-03	2.499569e+00
1.154881979405478e-03	2.499177e+00
1.155856324675450e-03	2.498753e+00
1.156895474345084e-03	2.498749e+00
1.158109377585374e-03	2.499180e+00
1.159106760133021e-03	2.499363e+00
1.160155642201119e-03	2.499108e+00
1.161134468730622e-03	2.498725e+00
1.162368920036747e-03	2.498549e+00
1.163639847754492e-03	2.499022e+00
1.165166293439900e-03	2.500174e+00
1.166504798443220e-03	2.501012e+00
1.168037393960311e-03	2.501314e+00
1.169280105250908e-03	2.501176e+00
1.170759248345581e-03	2.501009e+00
1.171863782440090e-03	2.501133e+00
1.172852220474897e-03	2.501271e+00
1.173672308755870e-03	2.501004e+00
1.174231157711984e-03	2.500481e+00
1.174891666486069e-03	2.499798e+00
1.175583328745503e-03	2.499346e+00
1.176085404897991e-03	2.499229e+00
1.176502232569566e-03	2.499305e+00
1.176809126200825e-03	2.499507e+00
1.177036970812519e-03	2.499753e+00
1.177234086254681e-03	2.499990e+00
1.177442086914558e-03	2.500191e+00
1.177608592108789e-03	2.500273e+00
1.177797589083498e-03	2.500262e+00
1.177999085273078e-03	2.500161e+00
1.178232215477460e-03	2.500007e+00
1.178524503785839e-03	2.499857e+00
1.178701557187315e-03	2.499831e+00
1.178879084736595e-03	2.499877e+00
1.179091645803716e-03	2.499986e+00
1.179318814752706e-03	2.500122e+00
1.179639513039252e-03	2.500289e+00
1.180041800150481e-03	2.500413e+00
1.180559820173525e-03	2.500375e+00
1.181026976436119e-03	2.500124e+00
1.181484978391968e-03	2.499791e+00
1.181972378312552e-03	2.499535e+00
1.182400946241832e-03	2.499383e+00
1.182857630725769e-03	2.499191e+00
1.183396395437401e-03	2.499020e+00
1.183955920837541e-03	2.499170e+00
1.184424677726993e-03	2.499616e+00
1.184960141425922e-03	2.500220e+00
1.185581905163612e-03	2.500702e+00
1.185985636649406e-03	2.500781e+00
1.186344737782762e-03	2.500697e+00
1.186787868888441e-03	2.500552e+00
1.187308462837054e-03	2.500388e+00
1.188342691873230e-03	2.500116e+00
1.188767035255108e-03	2.500165e+00
1.189109537920783e-03	2.500416e+00
1.189514175725732e-03	2.500807e+00
1.189927206217441e-03	2.501094e+00
1.190475646776366e-03	2.501215e+00
1.191132731438197e-03	2.501067e+00
1.191894099994723e-03	2.500800e+00
1.192752689717190e-03	2.500854e+00
1.193652013214163e-03	2.501401e+00
1.194563540227413e-03	2.502002e+00
1.195808240753752e-03	2.502289e+00
1.197264188991576e-03	2.501824e+00
1.198773565603344e-03	2.500703e+00
1.200282207683772e-03	2.499623e+00
1.201661365924613e-03	2.499188e+00
1.203058958905500e-03	2.499040e+00
1.204401677814581e-03	2.498798e+00
1.205843484420945e-03	2.498545e+00
1.207131169591939e-03	2.498677e+00
1.207872532699625e-03	2.499125e+00
1.208344941137573e-03	2.499554e+00
1.208793209267177e-03	2.499957e+00
1.209509024485943e-03	2.500536e+00
1.210201142367642e-03	2.500960e+00
1.211017714632586e-03	2.501176e+00
1.211767937046152e-03	2.501022e+00
1.212629047777954e-03	2.500575e+00
1.213475252426867e-03	2.500278e+00
1.214429332106857e-03	2.500244e+00
1.215362821382201e-03	2.500251e+00
1.216474199054889e-03	2.500242e+00
1.218004016302840e-03	2.500226e+00
1.219903187243925e-03	2.500039e+00
1.221814366935735e-03	2.499915e+00
1.222956193289698e-03	2.500184e+00
1.224037778575671e-03	2.500700e+00
1.225138781685937e-03	2.500857e+00
1.226018558186787e-03	2.500331e+00
1.227010457434810e-03	2.499458e+00
1.227801958416629e-03	2.499188e+00
1.228537906273156e-03	2.499243e+00
1.229286742270309e-03	2.499020e+00
1.229886871745119e-03	2.498618e+00
1.230520954002097e-03	2.498370e+00
1.231044081131837e-03	2.498435e+00
1.231547534290772e-03	2.498527e+00
1.232316344370723e-03	2.498428e+00
1.233005729257289e-03	2.498314e+00
1.233741522462947e-03	2.498338e+00
1.234489286308555e-03	2.498361e+00
1.235406407738743e-03	2.498383e+00
1.236369770864458e-03	2.498740e+00
1.237306358724538e-03	2.499438e+00
1.238142911682347e-03	2.499956e+00
1.239447100451897e-03	2.500036e+00
1.240776380179406e-03	2.499542e+00
1.241642772468626e-03	2.499468e+00
1.242663557544964e-03	2.500078e+00
1.243571956232440e-03	2.500766e+00
1.244603167852372e-03	2.501186e+00
1.245863698226133e-03	2.501378e+00
1.247036656434239e-03	2.501580e+00
1.248077556207700e-03	2.501814e+00
1.249817006433563e-03	2.502048e+00
1.252145380669059e-03	2.501652e+00
1.253895561252594e-03	2.500410e+00
1.255511083321039e-03	2.498779e+00
1.256399219726955e-03	2.498370e+00
1.257329062579851e-03	2.498699e+00
1.258176907174964e-03	2.499075e+00
1.259085325625743e-03	2.499027e+00
1.259801324503977e-03	2.498769e+00
1.260621021006131e-03	2.498646e+00
1.261202255246975e-03	2.498835e+00
1.261789168885426e-03	2.499212e+00
1.262342704730538e-03	2.499587e+00
1.263062557737043e-03	2.500007e+00
1.263586517164043e-03	2.500124e+00
1.264004889177383e-03	2.499957e+00
1.264489671936558e-03	2.499595e+00
1.264999263648915e-03	2.499308e+00
1.265656602729647e-03	2.499192e+00
1.266420203247100e-03	2.499274e+00
1.267308378787831e-03	2.499314e+00
1.268373728454156e-03	2.498911e+00
1.269432690731817e-03	2.498170e+00
1.270402854027181e-03	2.497626e+00
1.271408068994496e-03	2.497492e+00
1.272486381622411e-03	2.497871e+00
1.274040098238933e-03	2.499049e+00
1.275761961507095e-03	2.500489e+00
1.277574338149000e-03	2.501285e+00
1.278825489460481e-03	2.500848e+00
1.279835965663021e-03	2.499896e+00
1.280674374322133e-03	2.499190e+00
1.281625380643986e-03	2.498695e+00
1.282732627387441e-03	2.498255e+00
1.283876935137362e-03	2.498072e+00
1.285134566048252e-03	2.498522e+00
1.286313238248924e-03	2.499469e+00
1.287692912740493e-03	2.500432e+00
1.288812152041491e-03	2.500415e+00
1.289994637983578e-03	2.499681e+00
1.290876724181536e-03	2.499199e+00
1.291864927358389e-03	2.499006e+00
1.292766231624164e-03	2.498967e+00
1.293775177012729e-03	2.498953e+00
1.295250399942134e-03	2.498997e+00
1.296865847059257e-03	2.499365e+00
1.298396021318751e-03	2.500347e+00
1.299819626893443e-03	2.501427e+00
1.301091979265631e-03	2.501765e+00
1.302171713047321e-03	2.501503e+00
1.303349390471063e-03	2.501061e+00
1.304342235556294e-03	2.500864e+00
1.305087688945315e-03	2.501114e+00
1.305578869221771e-03	2.501508e+00
1.306057664938883e-03	2.501845e+00
1.306855029571881e-03	2.502246e+00
1.307647535054220e-03	2.502561e+00
1.308580609503438e-03	2.502542e+00
1.309715916406655e-03	2.501953e+00
1.311004975489373e-03	2.501154e+00
1.312332204491327e-03	2.500578e+00
1.314132527674081e-03	2.499830e+00
1.315816457914348e-03	2.498813e+00
1.316792919756719e-03	2.498318e+00
1.317695968618477e-03	2.498339e+00
1.318655045140384e-03	2.498722e+00
1.319600780661403e-03	2.499096e+00
1.320419495683729e-03	2.499396e+00
1.321273206782292e-03	2.499687e+00
1.321932361430072e-03	2.499960e+00
1.322504560120005e-03	2.500238e+00
1.323028309676046e-03	2.500291e+00
1.323299757391544e-03	2.500144e+00
1.323656680919641e-03	2.499818e+00
1.324048447325076e-03	2.499439e+00
1.324418669536886e-03	2.499159e+00
1.324700213848452e-03	2.499111e+00
1.324956002579988e-03	2.499254e+00
1.325230906271370e-03	2.499527e+00
1.325561316661469e-03	2.499835e+00
1.325915353826071e-03	2.500036e+00
1.326315852399998e-03	2.500173e+00
1.326737495708520e-03	2.500386e+00
1.327126731250449e-03	2.500692e+00
1.327555450207939e-03	2.500997e+00
1.328017942188370e-03	2.501118e+00
1.328505114783152e-03	2.501028e+00
1.329049223351352e-03	2.500789e+00
1.329850647551394e-03	2.500315e+00
1.331124864515299e-03	2.499453e+00
1.332437541692773e-03	2.498671e+00
1.333769013616397e-03	2.498089e+00
1.335008879788959e-03	2.497682e+00
1.335828671956946e-03	2.497652e+00
1.336805219432400e-03	2.498208e+00
1.337724143808772e-03	2.499202e+00
1.338434923988401e-03	2.499864e+00
1.339315982251742e-03	2.500135e+00
1.340287887908563e-03	2.499984e+00
1.341548564501810e-03	2.499761e+00
1.342686843363565e-03	2.500040e+00
1.343788810470251e-03	2.500696e+00
1.344884177618350e-03	2.501125e+00
1.346049926373542e-03	2.501100e+00
1.347181384312344e-03	2.500980e+00
1.348417791270509e-03	2.500893e+00
1.349720962208355e-03	2.500552e+00
1.350304685509236e-03	2.500252e+00
1.351032114008005e-03	2.499849e+00
1.351731168096755e-03	2.499575e+00
1.352197203269626e-03	2.499490e+00
1.352642177088178e-03	2.499470e+00
1.353079047390821e-03	2.499489e+00
1.353948386969561e-03	2.499664e+00
1.354573446468591e-03	2.499981e+00
1.355142122553120e-03	2.500417e+00
1.355756174272318e-03	2.500815e+00
1.356144604345076e-03	2.500893e+00
1.356491382783432e-03	2.500825e+00
1.356845878875436e-03	2.500691e+00
1.357479694959152e-03	2.500420e+00
1.358419674715714e-03	2.500009e+00
1.359304752253001e-03	2.499596e+00
1.360255217781771e-03	2.499262e+00
1.360782275297637e-03	2.499263e+00
1.361198943352590e-03	2.499408e+00
1.361654163269091e-03	2.499664e+00
1.362315084745112e-03	2.500152e+00
1.362959928109295e-03	2.500639e+00
1.363653857561061e-03	2.500970e+00
1.364208410274190e-03	2.501031e+00
1.364737551132513e-03	2.501049e+00
1.365571891752548e-03	2.500975e+00
1.366561461945702e-03	2.500430e+00
1.367464181463599e-03	2.499781e+00
1.368370734086552e-03	2.499490e+00
1.369042956017428e-03	2.499619e+00
1.369823891110771e-03	2.499878e+00
1.370615991932979e-03	2.500056e+00
1.371522489219846e-03	2.500319e+00
1.372561554673524e-03	2.500726e+00
1.373680992726043e-03	2.501158e+00
1.375374121160920e-03	2.501723e+00
1.376704366534418e-03	2.501881e+00
1.378235659621529e-03	2.501979e+00
1.379734103008559e-03	2.502367e+00
1.381256574924384e-03	2.502517e+00
1.382765821141458e-03	2.501888e+00
1.384996409766952e-03	2.500320e+00
1.387004997669819e-03	2.499137e+00
1.388881489401999e-03	2.498419e+00
1.390766419986142e-03	2.498086e+00
1.392452388718410e-03	2.498407e+00
1.393461070117931e-03	2.498973e+00
1.394409399143566e-03	2.499606e+00
1.395123685958259e-03	2.500029e+00
1.396031190766361e-03	2.500403e+00
1.396804581223493e-03	2.500568e+00
1.397588762325359e-03	2.500582e+00
1.398292298049018e-03	2.500309e+00
1.398950793549489e-03	2.499845e+00
1.399690183652627e-03	2.499449e+00
1.400285910066278e-03	2.499381e+00
1.400850455062426e-03	2.499439e+00
1.401482204425680e-03	2.499395e+00
1.401912630829642e-03	2.499179e+00
1.402353257712639e-03	2.498856e+00
1.402765562595509e-03	2.498682e+00
1.403339861174441e-03	2.498644e+00
1.403914012167850e-03	2.498548e+00
1.404566925970518e-03	2.498307e+00
1.405266478305129e-03	2.498157e+00
1.406068207381869e-03	2.498301e+00
1.407463747393210e-03	2.498873e+00
1.408500745479799e-03	2.499246e+00
1.409726023076343e-03	2.499686e+00
1.411170855222691e-03	2.500182e+00
1.412295030585099e-03	2.500155e+00
1.413387845089315e-03	2.499984e+00
1.414560865850492e-03	2.500259e+00
1.415748163817423e-03	2.500677e+00
1.416810879871112e-03	2.500537e+00
1.417687249907315e-03	2.500051e+00
1.418643081673820e-03	2.499613e+00
1.419514910665299e-03	2.499394e+00
1.420742132149326e-03	2.499305e+00
1.421693205660506e-03	2.499720e+00
1.422638098182723e-03	2.500563e+00
1.423648890173134e-03	2.501219e+00
1.424445603973178e-03	2.501200e+00
1.425098648451008e-03	2.500968e+00
1.425801240729107e-03	2.500918e+00
1.426282298105935e-03	2.501134e+00
1.426716366874358e-03	2.501445e+00
1.427187157992232e-03	2.501755e+00
1.428128740227979e-03	2.502120e+00
1.429162600901541e-03	2.501925e+00
1.430333294474313e-03	2.501200e+00
1.431421789060647e-03	2.500771e+00
1.432453869011748e-03	2.500853e+00
1.433829652400211e-03	2.501109e+00
1.435183514367231e-03	2.501055e+00
1.437260422371835e-03	2.500595e+00
1.439244805019508e-03	2.500113e+00
1.442834909001176e-03	2.499272e+00
1.446790535181566e-03	2.498200e+00
1.449128634727499e-03	2.497588e+00
1.450606047831807e-03	2.497761e+00
1.452010771007301e-03	2.498893e+00
1.453378874630822e-03	2.500340e+00
1.454353893194946e-03	2.500859e+00
1.455543706531851e-03	2.500887e+00
1.456647776751479e-03	2.500893e+00
1.458281859114762e-03	2.501001e+00
1.460378481498693e-03	2.501067e+00
1.462860679756867e-03	2.500899e+00
1.464606898586367e-03	2.500415e+00
1.465948823376826e-03	2.499877e+00
1.467238133759006e-03	2.499654e+00
1.468082707207132e-03	2.499877e+00
1.468906441940795e-03	2.500286e+00
1.469800840081940e-03	2.500676e+00
1.471065912604745e-03	2.501006e+00
1.472372240008697e-03	2.500954e+00
1.473619458139903e-03	2.500661e+00
1.475057104783681e-03	2.500346e+00
1.476793130978406e-03	2.500166e+00
1.478615023643650e-03	2.500244e+00
1.480037259840601e-03	2.500148e+00
1.481648335176381e-03	2.499784e+00
1.483168854706362e-03	2.499568e+00
1.484255838873462e-03	2.499584e+00
1.485677643014630e-03	2.499806e+00
1.486937302941387e-03	2.500005e+00
1.487878232987891e-03	2.500054e+00
1.488941183934144e-03	2.499945e+00
1.489846485079195e-03	2.499472e+00
1.490528732485379e-03	2.498919e+00
1.491274830424489e-03	2.498530e+00
1.491770656264831e-03	2.498574e+00
1.492281824490133e-03	2.498871e+00
1.492842663857306e-03	2.499192e+00
1.493583677585417e-03	2.499281e+00
1.494323393390987e-03	2.499032e+00
1.495087034673854e-03	2.498777e+00
1.495918232114789e-03	2.498863e+00
1.496905837781496e-03	2.499384e+00
1.497974616626230e-03	2.500030e+00
1.498929235892721e-03	2.500454e+00
1.498965235892717e-03	2.500477e+00
1.499001235892714e-03	2.500500e+00
1.499037235892711e-03	2.500523e+00
1.499073235892707e-03	2.500546e+00
1.499109235892704e-03	2.500570e+00
1.499145235892701e-03	2.500594e+00
1.499181235892697e-03	2.500619e+00
1.499437235892674e-03	2.500747e+00
1.499488000000047e-03	2.500757e+00
1.499589528214795e-03	2.500731e+00
1.499640821990435e-03	2.500715e+00
1.499692115766075e-03	2.500691e+00
1.499743409541716e-03	2.500658e+00
1.499794703317356e-03	2.500617e+00
1.499845997092996e-03	2.500567e+00
1.499897290868636e-03	2.500508e+00
1.499948584644276e-03	2.500441e+00
1.499998000000000e-03	2.500375e+00
1.500000000000000e-03	2.500373e+00
1.500000200000000e-03	2.500367e+00
1.500000600000000e-03	2.500349e+00
1.500002000000000e-03	2.500254e+00
1.500002560000000e-03	2.500229e+00
1.500003200000000e-03	2.500219e+00
1.500007039999999e-03	2.500212e+00
1.500042879999992e-03	2.500237e+00
1.500083839999983e-03	2.500309e+00
1.500165759999967e-03	2.500538e+00
1.500329599999934e-03	2.501164e+00
1.500657279999868e-03	2.502614e+00
1.501027067349175e-03	2.504283e+00
1.501693413880986e-03	2.507102e+00
1.503022533091756e-03	2.511875e+00
1.504485487930489e-03	2.515249e+00
1.506445106161388e-03	2.516564e+00
1.508402175182823e-03	2.515997e+00
1.510513727221152e-03	2.515339e+00
1.511415661234934e-03	2.515102e+00
1.511915566566134e-03	2.514610e+00
1.512401862211328e-03	2.513722e+00
1.512868461791244e-03	2.512767e+00
1.513528783765853e-03	2.511459e+00
1.513632783663475e-03	2.511270e+00
1.513687553280133e-03	2.511179e+00
1.513708134850802e-03	2.511146e+00
1.513739309200775e-03	2.511096e+00
1.513765870810499e-03	2.511055e+00
1.513793825111849e-03	2.511012e+00
1.513849733714549e-03	2.510929e+00
1.513961550919948e-03	2.510768e+00
1.514185185330747e-03	2.510478e+00
1.514632454152344e-03	2.510069e+00
1.515526991795539e-03	2.509752e+00
1.517316067081929e-03	2.509753e+00
1.519498538541430e-03	2.509534e+00
1.522548443792024e-03	2.508198e+00
1.527232408595747e-03	2.505412e+00
1.532692807754164e-03	2.502898e+00
1.539671152867028e-03	2.501171e+00
1.546397568364015e-03	2.500404e+00
1.554756824148258e-03	2.499865e+00
1.566756824148258e-03	2.499540e+00
1.578756824148258e-03	2.499629e+00
1.583911577885412e-03	2.499312e+00
1.586577406167300e-03	2.499028e+00
1.589143922687431e-03	2.498883e+00
1.591888657544435e-03	2.498765e+00
1.595758171670237e-03	2.498083e+00
1.598853670493259e-03	2.497545e+00
1.601902924924425e-03	2.498739e+00
1.603843788699187e-03	2.500195e+00
1.605996473238248e-03	2.500726e+00
1.607448125043403e-03	2.500433e+00
1.609183360876724e-03	2.500065e+00
1.610930145460202e-03	2.499625e+00
1.613567255133161e-03	2.499428e+00
1.615057083780520e-03	2.500096e+00
1.616810606315975e-03	2.501091e+00
1.618220321949772e-03	2.501163e+00
1.619336634071501e-03	2.500570e+00
1.620586135830675e-03	2.499632e+00
1.621803873700783e-03	2.498815e+00
1.623876316763032e-03	2.497892e+00
1.625583585600138e-03	2.497846e+00
1.627660109402302e-03	2.498467e+00
1.629579782239350e-03	2.499191e+00
1.633419127913446e-03	2.500659e+00
1.635159949819538e-03	2.501530e+00
1.637316499647446e-03	2.502452e+00
1.638890730260344e-03	2.502037e+00
1.639648795687796e-03	2.501360e+00
1.640364191777106e-03	2.500877e+00
1.641026369176993e-03	2.500820e+00
1.641803041715502e-03	2.500970e+00
1.642768575999822e-03	2.501281e+00
1.644699644568463e-03	2.502065e+00
1.646680808658837e-03	2.502653e+00
1.648377971342600e-03	2.502604e+00
1.650367065377929e-03	2.501726e+00
1.652703206961243e-03	2.500438e+00
1.655331350032124e-03	2.499464e+00
1.657256363996968e-03	2.499167e+00
1.659706993980038e-03	2.499205e+00
1.662336663889521e-03	2.499247e+00
1.664023438382315e-03	2.499168e+00
1.665040939669203e-03	2.499167e+00
1.666571289931681e-03	2.499489e+00
1.667428214277469e-03	2.500005e+00
1.668228492564455e-03	2.500448e+00
1.668818676027077e-03	2.500351e+00
1.669343356034589e-03	2.500007e+00
1.669914281698650e-03	2.499679e+00
1.670672483557688e-03	2.499279e+00
1.671423107806342e-03	2.498744e+00
1.672306905362022e-03	2.498104e+00
1.673509711078542e-03	2.497590e+00
1.675000729435054e-03	2.497791e+00
1.676344993336589e-03	2.498700e+00
1.677741005793049e-03	2.499870e+00
1.679762714154243e-03	2.501211e+00
1.681184217394341e-03	2.501447e+00
1.682076381953778e-03	2.501170e+00
1.683258330241893e-03	2.500930e+00
1.684026658764955e-03	2.500986e+00
1.684846212038870e-03	2.500844e+00
1.685274925820659e-03	2.500504e+00
1.685587661706446e-03	2.500165e+00
1.685924341461594e-03	2.499838e+00
1.686280728803943e-03	2.499558e+00
1.686633514381370e-03	2.499382e+00
1.687000905085617e-03	2.499313e+00
1.687335897623720e-03	2.499346e+00
1.687851653910893e-03	2.499548e+00
1.688417687752701e-03	2.499959e+00
1.689039132121760e-03	2.500595e+00
1.689634822426573e-03	2.501236e+00
1.690397310732753e-03	2.501895e+00
1.691216514129865e-03	2.502205e+00
1.692141167243485e-03	2.501943e+00
1.693080377881753e-03	2.501561e+00
1.694214653245044e-03	2.501532e+00
1.695653989591151e-03	2.501460e+00
1.697369874827826e-03	2.501061e+00
1.699122516165691e-03	2.500832e+00
1.701818332558996e-03	2.500476e+00
1.704492111457010e-03	2.500010e+00
1.707665075539767e-03	2.499503e+00
1.710163912671753e-03	2.498983e+00
1.714071260866364e-03	2.498634e+00
1.715532267144007e-03	2.499101e+00
1.716616162764133e-03	2.499624e+00
1.717778192048821e-03	2.499858e+00
1.718831569907406e-03	2.499979e+00
1.719966943200823e-03	2.500290e+00
1.721518098373937e-03	2.500654e+00
1.722275798281461e-03	2.500603e+00
1.722835057926643e-03	2.500354e+00
1.723368314555274e-03	2.499994e+00
1.724012447272880e-03	2.499583e+00
1.724863411765577e-03	2.499185e+00
1.725758001916473e-03	2.498780e+00
1.726981361207030e-03	2.498322e+00
1.728100600722776e-03	2.498607e+00
1.729047825409025e-03	2.499449e+00
1.730099615844588e-03	2.500361e+00
1.730984546373079e-03	2.500865e+00
1.732064834372746e-03	2.501005e+00
1.732947344239848e-03	2.500602e+00
1.733879936686182e-03	2.500066e+00
1.734773883531741e-03	2.499613e+00
1.735790434534788e-03	2.499036e+00
1.737463958100981e-03	2.498531e+00
1.738755106471961e-03	2.498593e+00
1.740124884428688e-03	2.498757e+00
1.742593037412138e-03	2.499361e+00
1.744617486499406e-03	2.500101e+00
1.746767744606878e-03	2.500615e+00
1.748069686245559e-03	2.500863e+00
1.750673569522920e-03	2.501185e+00
1.751660518716368e-03	2.501104e+00
1.752746974147879e-03	2.500843e+00
1.753917722557826e-03	2.500560e+00
1.755073833848739e-03	2.500713e+00
1.755847700560740e-03	2.501036e+00
1.756658396831312e-03	2.501077e+00
1.757422729473810e-03	2.500770e+00
1.758302397066437e-03	2.500355e+00
1.759929833190491e-03	2.499739e+00
1.761768038260639e-03	2.499249e+00
1.762711867746167e-03	2.499108e+00
1.763600453225402e-03	2.499218e+00
1.764097048764696e-03	2.499579e+00
1.764332673873128e-03	2.499857e+00
1.764565202173649e-03	2.500118e+00
1.764798222073165e-03	2.500323e+00
1.765045549919956e-03	2.500473e+00
1.765396762986979e-03	2.500529e+00
1.765773630532218e-03	2.500337e+00
1.766122329437445e-03	2.499963e+00
1.766481020920677e-03	2.499519e+00
1.766985921850389e-03	2.498969e+00
1.767420897945903e-03	2.498678e+00
1.767889844398513e-03	2.498676e+00
1.768383708877948e-03	2.498977e+00
1.768941891460751e-03	2.499506e+00
1.769677366668724e-03	2.500191e+00
1.770199948711113e-03	2.500483e+00
1.770681515605551e-03	2.500472e+00
1.771175039720693e-03	2.500210e+00
1.771760890572700e-03	2.499762e+00
1.772400421803818e-03	2.499290e+00
1.773293583730489e-03	2.498814e+00
1.774062203522736e-03	2.498785e+00
1.774808468603620e-03	2.499302e+00
1.775618357014985e-03	2.500169e+00
1.776475051472140e-03	2.500758e+00
1.776992373325228e-03	2.500631e+00
1.777516694645702e-03	2.500136e+00
1.778165197306861e-03	2.499583e+00
1.778879272119695e-03	2.499376e+00
1.779642000304172e-03	2.499461e+00
1.780429116940161e-03	2.499477e+00
1.781577709783558e-03	2.499286e+00
1.782771492085022e-03	2.499043e+00
1.785159056687950e-03	2.498513e+00
1.789934185893806e-03	2.497976e+00
1.792467617848122e-03	2.498509e+00
1.795041951574170e-03	2.499589e+00
1.798015251461750e-03	2.500934e+00
1.801024496022793e-03	2.501655e+00
1.802629947865803e-03	2.501051e+00
1.803651469087535e-03	2.500373e+00
1.804875688941014e-03	2.499769e+00
1.806301622373691e-03	2.499329e+00
1.807812398708105e-03	2.499202e+00
1.809404889605557e-03	2.499506e+00
1.810943024555815e-03	2.500335e+00
1.812290107810593e-03	2.501312e+00
1.813836627922825e-03	2.502290e+00
1.814833251212169e-03	2.502671e+00
1.816415988149313e-03	2.502588e+00
1.817885572767703e-03	2.501998e+00
1.819377038234043e-03	2.501594e+00
1.821114703266872e-03	2.501673e+00
1.823005552243442e-03	2.501748e+00
1.825950297159231e-03	2.501008e+00
1.828789627904152e-03	2.499747e+00
1.831403804540461e-03	2.498704e+00
1.833035022110385e-03	2.498002e+00
1.835022405915258e-03	2.497282e+00
1.836376847491617e-03	2.497615e+00
1.837194452549245e-03	2.498391e+00
1.838130009822590e-03	2.499475e+00
1.839330186666737e-03	2.500742e+00
1.840340452627382e-03	2.501543e+00
1.841193526331736e-03	2.501889e+00
1.842098407173082e-03	2.502129e+00
1.842933238377643e-03	2.502283e+00
1.844602900786764e-03	2.501961e+00
1.846168397666266e-03	2.500913e+00
1.847652711423237e-03	2.499647e+00
1.849457063078658e-03	2.498503e+00
1.850468727568312e-03	2.498184e+00
1.851593406281999e-03	2.498123e+00
1.852503308671055e-03	2.498405e+00
1.853315173276572e-03	2.498832e+00
1.854055538792607e-03	2.499008e+00
1.854876406568098e-03	2.499042e+00
1.855750425002899e-03	2.499244e+00
1.856833675863615e-03	2.499640e+00
1.858267802706271e-03	2.500349e+00
1.859331133717838e-03	2.501119e+00
1.860235078388526e-03	2.501610e+00
1.860943463980388e-03	2.501441e+00
1.861380002588235e-03	2.501110e+00
1.861776737273666e-03	2.500990e+00
1.862165359517834e-03	2.501142e+00
1.862580390643798e-03	2.501311e+00
1.863330075270511e-03	2.501254e+00
1.864125631166550e-03	2.500783e+00
1.864959998774083e-03	2.500268e+00
1.866022744154622e-03	2.500132e+00
1.867006274612765e-03	2.500396e+00
1.867921780684596e-03	2.500751e+00
1.869610760676651e-03	2.501174e+00
1.870645948051284e-03	2.500973e+00
1.871856649269260e-03	2.500312e+00
1.873177650523861e-03	2.499822e+00
1.874465761783697e-03	2.499887e+00
1.875804533634290e-03	2.499946e+00
1.877199821956854e-03	2.499589e+00
1.878491788485932e-03	2.499243e+00
1.879677106125859e-03	2.499046e+00
1.881369675099703e-03	2.498880e+00
1.882206553816582e-03	2.498947e+00
1.883239687724160e-03	2.499352e+00
1.884026563456127e-03	2.499946e+00
1.884968714677821e-03	2.500762e+00
1.885900597849688e-03	2.501328e+00
1.886509339713246e-03	2.501419e+00
1.887166253833024e-03	2.501282e+00
1.887806830190169e-03	2.501031e+00
1.889087982904459e-03	2.500306e+00
1.890397437271891e-03	2.499537e+00
1.891709641483053e-03	2.499067e+00
1.892285809421049e-03	2.499108e+00
1.892785335058425e-03	2.499394e+00
1.893140168054913e-03	2.499706e+00
1.893478873149262e-03	2.499970e+00
1.893582537727294e-03	2.500000e+00
1.893697193936390e-03	2.499975e+00
1.893853009915744e-03	2.499890e+00
1.893998815247603e-03	2.499779e+00
1.894169356334047e-03	2.499648e+00
1.894411603459836e-03	2.499533e+00
1.894699052680503e-03	2.499536e+00
1.894962291713815e-03	2.499652e+00
1.895279983721180e-03	2.499790e+00
1.895710231439325e-03	2.499765e+00
1.896102145084451e-03	2.499540e+00
1.896467564727548e-03	2.499315e+00
1.897054383268331e-03	2.499124e+00
1.897707695637644e-03	2.499048e+00
1.898583769801237e-03	2.499150e+00
1.899455313484549e-03	2.499470e+00
1.900583964913147e-03	2.499964e+00
1.902182712508316e-03	2.500618e+00
1.904481003427020e-03	2.501307e+00
1.905425144744868e-03	2.501249e+00
1.906358312658901e-03	2.500789e+00
1.907344949931733e-03	2.500154e+00
1.908444853432969e-03	2.499735e+00
1.909222760016218e-03	2.499712e+00
1.910121400031062e-03	2.499601e+00
1.910808750087626e-03	2.499345e+00
1.911638787785789e-03	2.499144e+00
1.912143595770677e-03	2.499180e+00
1.912675975190759e-03	2.499282e+00
1.913206846609164e-03	2.499321e+00
1.913945505981131e-03	2.499208e+00
1.914737243786481e-03	2.498966e+00
1.915705976394904e-03	2.498711e+00
1.916928156780196e-03	2.498541e+00
1.918685481500165e-03	2.498496e+00
1.921372828386560e-03	2.498900e+00
1.924072414983518e-03	2.499470e+00
1.926640208332112e-03	2.499756e+00
1.928835882355059e-03	2.500002e+00
1.932457993770300e-03	2.500527e+00
1.935762524931850e-03	2.501020e+00
1.938744505043784e-03	2.501340e+00
1.940587554427986e-03	2.501054e+00
1.941897492947741e-03	2.500498e+00
1.943472753914511e-03	2.499967e+00
1.944577391310861e-03	2.500020e+00
1.945669818357235e-03	2.500100e+00
1.946826100329443e-03	2.499912e+00
1.947931689952730e-03	2.499802e+00
1.949027961602888e-03	2.499543e+00
1.949818778986988e-03	2.499067e+00
1.950823602148365e-03	2.498509e+00
1.951662251875584e-03	2.498266e+00
1.952428331766020e-03	2.498302e+00
1.953234576141729e-03	2.498796e+00
1.954210312771222e-03	2.499579e+00
1.955097657737604e-03	2.499877e+00
1.955832925846915e-03	2.499848e+00
1.956791654598160e-03	2.499692e+00
1.957966653118768e-03	2.499364e+00
1.959674988312751e-03	2.498933e+00
1.962079753235573e-03	2.498732e+00
1.964457084167183e-03	2.499223e+00
1.966160087833207e-03	2.499852e+00
1.968394809764985e-03	2.500535e+00
1.970132488361430e-03	2.501217e+00
1.971981850268025e-03	2.502247e+00
1.973925479888151e-03	2.503025e+00
1.975557211269160e-03	2.502634e+00
1.976958849675943e-03	2.501474e+00
1.978374700469046e-03	2.500620e+00
1.979604850377747e-03	2.500397e+00
1.981082561936544e-03	2.500195e+00
1.983149972890450e-03	2.500305e+00
1.985078586315407e-03	2.500918e+00
1.986851455247541e-03	2.501179e+00
1.988542413921215e-03	2.500645e+00
1.990462926834019e-03	2.499877e+00
1.992355744703458e-03	2.499684e+00
1.994452120045234e-03	2.499621e+00
1.996443112213112e-03	2.499332e+00
1.999051070468968e-03	2.498875e+00
2.001400121716991e-03	2.498510e+00
2.003050254131235e-03	2.498282e+00
2.005577849304677e-03	2.498271e+00
2.006848768019630e-03	2.498785e+00
2.008382152463256e-03	2.499713e+00
2.010094458017321e-03	2.500479e+00
2.011402755911257e-03	2.500765e+00
2.012818263699627e-03	2.500483e+00
2.014003116278469e-03	2.500059e+00
2.015220005257811e-03	2.500226e+00
2.016142161127871e-03	2.500667e+00
2.017116894045827e-03	2.500898e+00
2.017826464168729e-03	2.501021e+00
2.018752271087013e-03	2.501294e+00
2.019706409270798e-03	2.501410e+00
2.020713446020930e-03	2.501377e+00
2.021643019622109e-03	2.501440e+00
2.023502166824466e-03	2.501695e+00
2.025218146565873e-03	2.501760e+00
2.026621858749408e-03	2.501755e+00
2.029429283116477e-03	2.501848e+00
2.031385333935692e-03	2.501952e+00
2.035297435574122e-03	2.501799e+00
2.038932023388282e-03	2.500644e+00
2.041637720494015e-03	2.499765e+00
2.043937841892462e-03	2.500044e+00
2.046017935123594e-03	2.500445e+00
2.048173699903442e-03	2.499842e+00
2.050355581319073e-03	2.498966e+00
2.052356700412225e-03	2.498660e+00
2.054154919404494e-03	2.498517e+00
2.056449231991219e-03	2.498536e+00
2.057873857410966e-03	2.498909e+00
2.059239585882919e-03	2.499301e+00
2.060650541497846e-03	2.499267e+00
2.061824050961547e-03	2.498908e+00
2.063064904376960e-03	2.498715e+00
2.064484890191901e-03	2.498833e+00
2.065856362832439e-03	2.498682e+00
2.067400595278962e-03	2.498279e+00
2.069150780032188e-03	2.498049e+00
2.070587785734356e-03	2.497926e+00
2.073461797138691e-03	2.498050e+00
2.075742928206747e-03	2.498994e+00
2.078220167100570e-03	2.500560e+00
2.080993180195052e-03	2.502073e+00
2.082770245968566e-03	2.502421e+00
2.084110602512383e-03	2.501822e+00
2.085002027993155e-03	2.500924e+00
2.085868658422780e-03	2.500069e+00
2.086265738402693e-03	2.499906e+00
2.086608599840045e-03	2.499967e+00
2.087096867776262e-03	2.500205e+00
2.087580329010053e-03	2.500460e+00
2.088224985137342e-03	2.500698e+00
2.088791419343959e-03	2.500792e+00
2.089355221780731e-03	2.500741e+00
2.090071838203093e-03	2.500555e+00
2.090751912820727e-03	2.500364e+00
2.092112062055995e-03	2.499904e+00
2.093177708784554e-03	2.499611e+00
2.093703555256525e-03	2.499614e+00
2.094234861475613e-03	2.499670e+00
2.095719349404531e-03	2.499690e+00
2.096815843291779e-03	2.499736e+00
2.098066043733580e-03	2.499566e+00
2.098741557494928e-03	2.499203e+00
2.099392108182412e-03	2.498799e+00
2.100231742511372e-03	2.498378e+00
2.101322817999890e-03	2.497986e+00
2.102445662482807e-03	2.498080e+00
2.103476292962035e-03	2.498606e+00
2.104891352815459e-03	2.499331e+00
2.106110383200098e-03	2.499550e+00
2.107613117596894e-03	2.499275e+00
2.109243717839880e-03	2.498986e+00
2.111245194591303e-03	2.499573e+00
2.112857091057288e-03	2.500532e+00
2.114519161908351e-03	2.501258e+00
2.116013827015113e-03	2.501797e+00
2.117809705124530e-03	2.502612e+00
2.120056084613419e-03	2.503105e+00
2.121941360785916e-03	2.502389e+00
2.123771995015072e-03	2.501158e+00
2.125572847610762e-03	2.500307e+00
2.127855643879134e-03	2.499564e+00
2.130050800857558e-03	2.499140e+00
2.131457728967401e-03	2.499390e+00
2.132650887289381e-03	2.499908e+00
2.134323744556573e-03	2.500475e+00
2.135769934274396e-03	2.500479e+00
2.137123870451879e-03	2.500027e+00
2.138614422598152e-03	2.499449e+00
2.140714667026203e-03	2.499061e+00
2.141900484206761e-03	2.499352e+00
2.142625469944332e-03	2.499733e+00
2.143527786403667e-03	2.500076e+00
2.143941412039119e-03	2.500113e+00
2.144558834842171e-03	2.499962e+00
2.145162197922402e-03	2.499586e+00
2.145856264465999e-03	2.498980e+00
2.146481441355967e-03	2.498526e+00
2.147196361356274e-03	2.498277e+00
2.147875344917673e-03	2.498272e+00
2.148836629526759e-03	2.498590e+00
2.150092147105584e-03	2.499321e+00
2.151338466697305e-03	2.500140e+00
2.152651023994220e-03	2.501017e+00
2.153662756082764e-03	2.501470e+00
2.154450134138348e-03	2.501415e+00
2.155052963744286e-03	2.501132e+00
2.155642281169686e-03	2.500862e+00
2.156296139787588e-03	2.500667e+00
2.156945452637036e-03	2.500475e+00
2.158212141494576e-03	2.500029e+00
2.159362113422612e-03	2.499583e+00
2.160047203136558e-03	2.499385e+00
2.160530389839954e-03	2.499378e+00
2.160937745693853e-03	2.499440e+00
2.161379001127963e-03	2.499566e+00
2.161770807691423e-03	2.499800e+00
2.162112915446753e-03	2.500067e+00
2.162477293810468e-03	2.500273e+00
2.162639828885025e-03	2.500272e+00
2.162791013747342e-03	2.500183e+00
2.162973968757097e-03	2.500015e+00
2.163171256075253e-03	2.499832e+00
2.163462635725050e-03	2.499661e+00
2.163719321478283e-03	2.499660e+00
2.164009446173082e-03	2.499803e+00
2.164288742555723e-03	2.499950e+00
2.164651569387279e-03	2.500004e+00
2.164939084387254e-03	2.499904e+00
2.165283103201332e-03	2.499676e+00
2.165644537161159e-03	2.499425e+00
2.166367405080814e-03	2.499112e+00
2.167054669583765e-03	2.499130e+00
2.167749294481860e-03	2.499180e+00
2.168577265182007e-03	2.498871e+00
2.169532656327679e-03	2.498282e+00
2.170554689743294e-03	2.497932e+00
2.171720646849040e-03	2.498229e+00
2.173080203406598e-03	2.499113e+00
2.174421968447333e-03	2.500060e+00
2.175849457614784e-03	2.500921e+00
2.177108473665616e-03	2.501129e+00
2.177957182190029e-03	2.500757e+00
2.179039489792089e-03	2.500052e+00
2.180175098732539e-03	2.499560e+00
2.181238988155188e-03	2.499563e+00
2.182330268015730e-03	2.499856e+00
2.183417152409923e-03	2.499945e+00
2.184521784764677e-03	2.499853e+00
2.185777888736035e-03	2.499944e+00
2.186866172400360e-03	2.500275e+00
2.188348238771250e-03	2.500791e+00
2.189587551706465e-03	2.500993e+00
2.190445770522213e-03	2.500946e+00
2.191383876744817e-03	2.500935e+00
2.192333672989326e-03	2.501019e+00
2.193209131713458e-03	2.500814e+00
2.194097096261761e-03	2.500327e+00
2.194899169024505e-03	2.500106e+00
2.195523429925238e-03	2.500184e+00
2.196409061464036e-03	2.500456e+00
2.197646254599077e-03	2.500928e+00
2.199357415588145e-03	2.501112e+00
2.200527311592516e-03	2.500469e+00
2.201696250443948e-03	2.499629e+00
2.202875427028446e-03	2.499451e+00
2.203767319073632e-03	2.499622e+00
2.204793717351966e-03	2.499524e+00
2.205499227534361e-03	2.499297e+00
2.206544857052682e-03	2.499116e+00
2.207310206595248e-03	2.499006e+00
2.208457944898488e-03	2.498862e+00
2.209376068911797e-03	2.499013e+00
2.210234761091262e-03	2.499418e+00
2.211155065033651e-03	2.500001e+00
2.212393910445782e-03	2.500843e+00
2.213690751015580e-03	2.501621e+00
2.214517260055611e-03	2.501793e+00
2.215243972343319e-03	2.501445e+00
2.216154317428319e-03	2.500645e+00
2.216977613030367e-03	2.500129e+00
2.217818460669276e-03	2.500039e+00
2.218769035657269e-03	2.500124e+00
2.219775343839895e-03	2.500313e+00
2.220989520716324e-03	2.500645e+00
2.222355843987323e-03	2.500617e+00
2.223210733331683e-03	2.500420e+00
2.224578076022141e-03	2.500032e+00
2.226400108552098e-03	2.499213e+00
2.228159858930358e-03	2.498542e+00
2.228920960771407e-03	2.498507e+00
2.229608590259156e-03	2.498777e+00
2.230220219485868e-03	2.499352e+00
2.230894910986109e-03	2.500140e+00
2.231502261968166e-03	2.500631e+00
2.231871305785757e-03	2.500688e+00
2.232233312968445e-03	2.500568e+00
2.232684748191382e-03	2.500380e+00
2.233268733822962e-03	2.500182e+00
2.233630767494153e-03	2.500108e+00
2.233921974037446e-03	2.500094e+00
2.234217000372965e-03	2.500120e+00
2.234503582922301e-03	2.500189e+00
2.234774185588799e-03	2.500306e+00
2.235033037366899e-03	2.500456e+00
2.235337216659646e-03	2.500636e+00
2.235945575245141e-03	2.500931e+00
2.236903205698067e-03	2.501180e+00
2.237894139254367e-03	2.501174e+00
2.238978417662788e-03	2.501120e+00
2.240465565466301e-03	2.501184e+00
2.242394306674426e-03	2.501224e+00
2.244166765464971e-03	2.501224e+00
2.247711683046061e-03	2.501165e+00
2.250342429128580e-03	2.500848e+00
2.252620916548035e-03	2.500356e+00
2.256863085371733e-03	2.499557e+00
2.259251276625259e-03	2.499523e+00
2.261150951140853e-03	2.499616e+00
2.263563918997999e-03	2.499374e+00
2.265380123081280e-03	2.498979e+00
2.267265105642216e-03	2.498402e+00
2.268866015225307e-03	2.497935e+00
2.270695420889276e-03	2.497917e+00
2.271914617656108e-03	2.498339e+00
2.273905907666283e-03	2.499421e+00
2.276087267041612e-03	2.500593e+00
2.277294952486368e-03	2.500887e+00
2.278469320760001e-03	2.500599e+00
2.279691927910298e-03	2.499865e+00
2.281011560022275e-03	2.499008e+00
2.283080685014992e-03	2.497960e+00
2.285310380196843e-03	2.497194e+00
2.288033129649542e-03	2.496796e+00
2.291515190479669e-03	2.497653e+00
2.294055009880126e-03	2.499190e+00
2.297001789622622e-03	2.500183e+00
2.299142679598523e-03	2.500083e+00
2.301406559658692e-03	2.500344e+00
2.303453239112268e-03	2.500656e+00
2.306078242906785e-03	2.500715e+00
2.308442318536000e-03	2.501529e+00
2.310166092316684e-03	2.502633e+00
2.311763179622362e-03	2.503239e+00
2.312708077039576e-03	2.503095e+00
2.314042378233501e-03	2.502088e+00
2.315481988745656e-03	2.500579e+00
2.316844908216863e-03	2.499600e+00
2.317744262252640e-03	2.499363e+00
2.319343741204483e-03	2.499273e+00
2.320929523282644e-03	2.499254e+00
2.322690934166231e-03	2.499387e+00
2.323789117309388e-03	2.499600e+00
2.325210026933828e-03	2.499910e+00
2.326245926288465e-03	2.500226e+00
2.327384684751952e-03	2.500532e+00
2.328083471861243e-03	2.500500e+00
2.328971990314527e-03	2.500176e+00
2.329919559464849e-03	2.499815e+00
2.330864273251580e-03	2.499887e+00
2.331425049975272e-03	2.500224e+00
2.332144272458018e-03	2.500637e+00
2.332914034646062e-03	2.500669e+00
2.333754341973871e-03	2.500382e+00
2.334511625929797e-03	2.500130e+00
2.335578360625234e-03	2.499947e+00
2.336428139183288e-03	2.500082e+00
2.337399409808600e-03	2.500515e+00
2.338290101033430e-03	2.500926e+00
2.339039336618895e-03	2.501156e+00
2.340537807789826e-03	2.501140e+00
2.341964416907972e-03	2.500811e+00
2.343406483524707e-03	2.500402e+00
2.345465262120656e-03	2.499792e+00
2.348400541665356e-03	2.499517e+00
2.349676402850140e-03	2.500085e+00
2.350706559007309e-03	2.500746e+00
2.351788248881573e-03	2.501041e+00
2.353105213201706e-03	2.501087e+00
2.354316044835381e-03	2.500879e+00
2.355601108756824e-03	2.500422e+00
2.357213262181755e-03	2.500031e+00
2.358689245915782e-03	2.499770e+00
2.360605417198283e-03	2.499551e+00
2.362013126000723e-03	2.499989e+00
2.362972506159289e-03	2.500627e+00
2.364070197745865e-03	2.501042e+00
2.365139539697360e-03	2.500928e+00
2.366190778543270e-03	2.500806e+00
2.367575229585018e-03	2.500876e+00
2.369143952917572e-03	2.500998e+00
2.371493125300758e-03	2.500900e+00
2.373739779815717e-03	2.500253e+00
2.375915352569965e-03	2.499858e+00
2.377558056267891e-03	2.499749e+00
2.379314301324335e-03	2.499074e+00
2.380620696164848e-03	2.498508e+00
2.381779547671924e-03	2.498362e+00
2.382810067610609e-03	2.498377e+00
2.383832543448329e-03	2.498401e+00
2.385193649614327e-03	2.498537e+00
2.386131771438642e-03	2.498735e+00
2.388008015087272e-03	2.499467e+00
2.389582354033821e-03	2.500476e+00
2.391436926762603e-03	2.501617e+00
2.392627460514867e-03	2.501915e+00
2.393636867093559e-03	2.501886e+00
2.394565293689914e-03	2.501786e+00
2.396422146882624e-03	2.501543e+00
2.400110321126075e-03	2.501118e+00
2.404370866039183e-03	2.500501e+00
2.409007429028092e-03	2.499582e+00
2.412117524346368e-03	2.499082e+00
2.414871008055745e-03	2.498569e+00
2.417676702928567e-03	2.497834e+00
2.420346967587165e-03	2.497599e+00
2.422221477192556e-03	2.498046e+00
2.424773141372872e-03	2.498882e+00
2.427533645601601e-03	2.499541e+00
2.429995211328337e-03	2.500097e+00
2.434877993590345e-03	2.500662e+00
2.437144438852483e-03	2.500182e+00
2.438716056291656e-03	2.499854e+00
2.439839105981058e-03	2.499901e+00
2.441344340379709e-03	2.499986e+00
2.443981781867763e-03	2.500070e+00
2.445492995187281e-03	2.500298e+00
2.446970892082930e-03	2.500721e+00
2.448632544709218e-03	2.500784e+00
2.449280752551116e-03	2.500364e+00
2.449516780072465e-03	2.500144e+00
2.449682537241750e-03	2.500035e+00
2.449806900776151e-03	2.499986e+00
2.449969452631611e-03	2.499951e+00
2.450118947611090e-03	2.499929e+00
2.450344453553326e-03	2.499888e+00
2.450621174665834e-03	2.499808e+00
2.450887878948341e-03	2.499697e+00
2.451241792613273e-03	2.499536e+00
2.451791486950032e-03	2.499293e+00
2.452890875623549e-03	2.498794e+00
2.453650521047339e-03	2.498543e+00
2.454525399442109e-03	2.498661e+00
2.455414017339988e-03	2.499258e+00
2.456390972470669e-03	2.500036e+00
2.457669442316285e-03	2.500769e+00
2.458707416745513e-03	2.501039e+00
2.459537068871509e-03	2.500957e+00
2.460272357390222e-03	2.500697e+00
2.461108483766771e-03	2.500348e+00
2.462068456874245e-03	2.499960e+00
2.462373999155709e-03	2.499877e+00
2.462630702395232e-03	2.499907e+00
2.462836467263801e-03	2.500026e+00
2.463145856306118e-03	2.500262e+00
2.463430668308526e-03	2.500414e+00
2.463605277882819e-03	2.500420e+00
2.463748004297143e-03	2.500350e+00
2.463892897716524e-03	2.500226e+00
2.464041622332335e-03	2.500077e+00
2.464255635315351e-03	2.499873e+00
2.464395353714621e-03	2.499775e+00
2.464515584646444e-03	2.499732e+00
2.464632951764202e-03	2.499732e+00
2.464764127541515e-03	2.499775e+00
2.464902822354340e-03	2.499857e+00
2.465086226845771e-03	2.499989e+00
2.465304633210753e-03	2.500133e+00
2.465463955602783e-03	2.500205e+00
2.465601082851548e-03	2.500230e+00
2.465739098458212e-03	2.500223e+00
2.465890581609737e-03	2.500185e+00
2.466069833323657e-03	2.500126e+00
2.466323375738427e-03	2.500068e+00
2.466502344482117e-03	2.500077e+00
2.466690804816939e-03	2.500158e+00
2.466918747445538e-03	2.500325e+00
2.467165237716850e-03	2.500518e+00
2.467572688487189e-03	2.500726e+00
2.468046188912802e-03	2.500805e+00
2.468537064087821e-03	2.500862e+00
2.469338402571731e-03	2.500928e+00
2.470447324906527e-03	2.500608e+00
2.471284499677491e-03	2.500056e+00
2.472265284383778e-03	2.499541e+00
2.472944301774194e-03	2.499682e+00
2.473487363931349e-03	2.500115e+00
2.474135796970930e-03	2.500613e+00
2.475043652518430e-03	2.501175e+00
2.476084078151887e-03	2.501720e+00
2.477868166282812e-03	2.502088e+00
2.479319205879428e-03	2.501653e+00
2.481013943944371e-03	2.500909e+00
2.482752147232581e-03	2.500517e+00
2.484973914233282e-03	2.500316e+00
2.487617360690078e-03	2.500082e+00
2.490653544777087e-03	2.499374e+00
2.492671933931376e-03	2.498904e+00
2.493975227421322e-03	2.498780e+00
2.496335272992040e-03	2.498840e+00
2.497576675398598e-03	2.499178e+00
2.498515933457995e-03	2.499423e+00
2.498887148315890e-03	2.499294e+00
2.499268149571623e-03	2.498946e+00
2.499388259595403e-03	2.498836e+00
2.499525528194009e-03	2.498740e+00
2.499593528945552e-03	2.498697e+00
2.499661529697095e-03	2.498661e+00
2.499729530448637e-03	2.498631e+00
2.499797531200180e-03	2.498606e+00
2.499865531951723e-03	2.498588e+00
2.499933532703266e-03	2.498575e+00
2.500001533454808e-03	2.498568e+00
2.500002000000000e-03	2.498568e+00
2.500002285714285e-03	2.498577e+00
2.500002571428571e-03	2.498589e+00
2.500002857142857e-03	2.498602e+00
2.500003142857143e-03	2.498618e+00
2.500003428571428e-03	2.498636e+00
2.500003714285714e-03	2.498656e+00
2.500004000000000e-03	2.498678e+00
2.500004522530614e-03	2.498698e+00
2.500006314064149e-03	2.498706e+00
2.500027812466570e-03	2.498617e+00
2.500049310868991e-03	2.498520e+00
2.500070809271412e-03	2.498417e+00
2.500092307673832e-03	2.498306e+00
2.500113806076253e-03	2.498189e+00
2.500135304478674e-03	2.498065e+00
2.500156802881095e-03	2.497934e+00
2.500309680409420e-03	2.497081e+00
2.500615435466071e-03	2.495515e+00
2.501226945579373e-03	2.492926e+00
2.502164054526203e-03	2.490030e+00
2.503273961810090e-03	2.487680e+00
2.504823118326368e-03	2.485456e+00
2.506478765418879e-03	2.484380e+00
2.508728721747157e-03	2.484481e+00
2.510125816965072e-03	2.484817e+00
2.510888227970279e-03	2.484879e+00
2.511274114883692e-03	2.484825e+00
2.511511476973136e-03	2.484808e+00
2.511738692643619e-03	2.484875e+00
2.511950471666703e-03	2.485029e+00
2.512374029712872e-03	2.485531e+00
2.513221145805209e-03	2.486802e+00
2.513227086717566e-03	2.486813e+00
2.513238968542280e-03	2.486836e+00
2.513243579956469e-03	2.486845e+00
2.513250840750135e-03	2.486859e+00
2.513258500524615e-03	2.486874e+00
2.513270219829235e-03	2.486897e+00
2.513281593201043e-03	2.486919e+00
2.513304339944660e-03	2.486962e+00
2.513326286124141e-03	2.487003e+00
2.513370178483104e-03	2.487081e+00
2.513423503150025e-03	2.487167e+00
2.513530152483866e-03	2.487304e+00
2.513729387282991e-03	2.487450e+00
2.514127856881241e-03	2.487576e+00
2.514613202344090e-03	2.487829e+00
2.515138690517606e-03	2.488400e+00
2.515659307162287e-03	2.488971e+00
2.516285407025383e-03	2.489258e+00
2.517079695835663e-03	2.489260e+00
2.517934861459507e-03	2.489381e+00
2.518986395164558e-03	2.490073e+00
2.520068718331193e-03	2.491175e+00
2.520953784545592e-03	2.491887e+00
2.521921590928773e-03	2.492286e+00
2.522678666360691e-03	2.492648e+00
2.523698068503609e-03	2.493499e+00
2.524745050712967e-03	2.494547e+00
2.525748065337580e-03	2.495233e+00
2.526989777692917e-03	2.495410e+00
2.527898021190793e-03	2.495416e+00
2.528844177233943e-03	2.495722e+00
2.529810095713505e-03	2.496216e+00
2.530779476158290e-03	2.496676e+00
2.531684110717658e-03	2.497240e+00
2.532616186883044e-03	2.497780e+00
2.533528291571405e-03	2.497830e+00
2.534451657720635e-03	2.497686e+00
2.535295709832672e-03	2.497962e+00
2.536198985750318e-03	2.498712e+00
2.537221332112238e-03	2.499545e+00
2.538363749726255e-03	2.499929e+00
2.540065704230015e-03	2.499629e+00
2.541011840973120e-03	2.499348e+00
2.541957210834324e-03	2.499494e+00
2.542965627491934e-03	2.500278e+00
2.543911075228890e-03	2.501153e+00
2.545280304118542e-03	2.501939e+00
2.546742960307432e-03	2.502102e+00
2.548321293961843e-03	2.501851e+00
2.550338711430108e-03	2.501229e+00
2.554373546366637e-03	2.499456e+00
2.556192017917082e-03	2.498734e+00
2.557632847053672e-03	2.498837e+00
2.559320390645101e-03	2.499920e+00
2.560223640284344e-03	2.500396e+00
2.561281439708597e-03	2.500252e+00
2.562375211957649e-03	2.499811e+00
2.563373937490848e-03	2.499688e+00
2.564340563552414e-03	2.499556e+00
2.565222041618070e-03	2.499174e+00
2.565842023746468e-03	2.499121e+00
2.566548916521158e-03	2.499547e+00
2.567073128926074e-03	2.499850e+00
2.567959304488350e-03	2.499812e+00
2.568762070265254e-03	2.499421e+00
2.569406805230869e-03	2.499253e+00
2.570192196837438e-03	2.499418e+00
2.571002310677410e-03	2.499607e+00
2.571773117455025e-03	2.499683e+00
2.572618893356547e-03	2.499931e+00
2.573542670405972e-03	2.500515e+00
2.574996517801520e-03	2.501483e+00
2.576616610406320e-03	2.502005e+00
2.578308000387903e-03	2.501805e+00
2.579644445888631e-03	2.501375e+00
2.581216650564833e-03	2.501068e+00
2.582087532450870e-03	2.501112e+00
2.582970321152222e-03	2.501099e+00
2.583785948813577e-03	2.500875e+00
2.584632178603121e-03	2.500706e+00
2.585745691871474e-03	2.500613e+00
2.586750360252997e-03	2.500256e+00
2.587838152950503e-03	2.499592e+00
2.588853107490313e-03	2.498988e+00
2.590458936423108e-03	2.498209e+00
2.591645020362794e-03	2.498034e+00
2.592688840067590e-03	2.498399e+00
2.593895097310098e-03	2.498940e+00
2.594912804886365e-03	2.499045e+00
2.595678860676956e-03	2.499091e+00
2.596558493802152e-03	2.499392e+00
2.597776786799644e-03	2.499964e+00
2.598957657938362e-03	2.500512e+00
2.600756045684020e-03	2.501303e+00
2.602663557952550e-03	2.502176e+00
2.603881993647850e-03	2.502402e+00
2.605047817897731e-03	2.501819e+00
2.606233650849614e-03	2.500774e+00
2.607311272198949e-03	2.499928e+00
2.608502425569047e-03	2.499125e+00
2.609459719082748e-03	2.498695e+00
2.610542612717608e-03	2.498531e+00
2.611665834920046e-03	2.498377e+00
2.612793036336572e-03	2.498075e+00
2.613638585855035e-03	2.498003e+00
2.614652712202200e-03	2.498280e+00
2.615517393060151e-03	2.498577e+00
2.616544638165102e-03	2.498844e+00
2.617826135300019e-03	2.499179e+00
2.619873889142544e-03	2.499923e+00
2.622427507721633e-03	2.501283e+00
2.623993202599182e-03	2.502065e+00
2.625502230658359e-03	2.502214e+00
2.626428146266982e-03	2.501964e+00
2.627442617779114e-03	2.501565e+00
2.628704983727550e-03	2.500988e+00
2.630051694740440e-03	2.500574e+00
2.631361873465377e-03	2.500442e+00
2.632388628515615e-03	2.500162e+00
2.633560320708484e-03	2.499751e+00
2.634797315266092e-03	2.499710e+00
2.636095260910341e-03	2.499966e+00
2.637416363009173e-03	2.500207e+00
2.639243196951772e-03	2.500532e+00
2.641445386138207e-03	2.501113e+00
2.642959833680540e-03	2.501515e+00
2.645988728765208e-03	2.501741e+00
2.648633314217898e-03	2.501133e+00
2.651107493610735e-03	2.500093e+00
2.653902686475253e-03	2.498992e+00
2.656044414561569e-03	2.498681e+00
2.657714526770631e-03	2.498675e+00
2.659490558761959e-03	2.498522e+00
2.660617458971996e-03	2.498697e+00
2.661451229222092e-03	2.499139e+00
2.662209079938210e-03	2.499370e+00
2.662851380491448e-03	2.499170e+00
2.663603455665053e-03	2.498830e+00
2.664361443480003e-03	2.498775e+00
2.665220499046306e-03	2.498911e+00
2.666087283810890e-03	2.499002e+00
2.667429723675935e-03	2.499024e+00
2.669115976366373e-03	2.499293e+00
2.670584594257718e-03	2.500030e+00
2.671655217500034e-03	2.500361e+00
2.672696567070927e-03	2.499922e+00
2.673590262612185e-03	2.499259e+00
2.674665327863293e-03	2.498715e+00
2.675963052388112e-03	2.498510e+00
2.677540418161212e-03	2.498685e+00
2.679423932162663e-03	2.499251e+00
2.681925630670464e-03	2.500337e+00
2.685002967991927e-03	2.501722e+00
2.686725811276556e-03	2.502286e+00
2.688061045801688e-03	2.502426e+00
2.689745748530899e-03	2.501964e+00
2.691181778124405e-03	2.501034e+00
2.692328492255706e-03	2.500474e+00
2.693515411808697e-03	2.500565e+00
2.694483233217126e-03	2.500816e+00
2.695874764418729e-03	2.500721e+00
2.697171791200475e-03	2.500142e+00
2.698382190941416e-03	2.499558e+00
2.700036394310174e-03	2.499073e+00
2.701772405296287e-03	2.498855e+00
2.703448743147651e-03	2.498973e+00
2.704165570161260e-03	2.499094e+00
2.705041860153141e-03	2.499294e+00
2.705989045744865e-03	2.499400e+00
2.706597027321946e-03	2.499089e+00
2.707181822793324e-03	2.498581e+00
2.707765559109451e-03	2.498309e+00
2.708618929569168e-03	2.498290e+00
2.709444708942635e-03	2.498412e+00
2.710482752652275e-03	2.498660e+00
2.711773308604383e-03	2.498812e+00
2.713015203375358e-03	2.498481e+00
2.714099669797173e-03	2.498041e+00
2.714866420609337e-03	2.498167e+00
2.715711904343647e-03	2.498981e+00
2.716278060878449e-03	2.499597e+00
2.717002419148076e-03	2.499893e+00
2.717728997721079e-03	2.499651e+00
2.718275157626687e-03	2.499462e+00
2.719085069963869e-03	2.499555e+00
2.719731705231366e-03	2.499687e+00
2.720492463925661e-03	2.499654e+00
2.721245033066129e-03	2.499569e+00
2.721961843103538e-03	2.499455e+00
2.722785050389871e-03	2.499318e+00
2.723886778283196e-03	2.499342e+00
2.724901081717085e-03	2.499406e+00
2.725820531352689e-03	2.499355e+00
2.727301008762075e-03	2.499182e+00
2.728696114330203e-03	2.499157e+00
2.730009453305457e-03	2.499347e+00
2.731067053925899e-03	2.499484e+00
2.732608191979010e-03	2.499490e+00
2.734840535366871e-03	2.499278e+00
2.736473745560579e-03	2.499043e+00
2.737872161643922e-03	2.498981e+00
2.739913268366829e-03	2.499271e+00
2.742641640449389e-03	2.500239e+00
2.745346796247710e-03	2.501699e+00
2.747481734006088e-03	2.502622e+00
2.748973508934860e-03	2.502706e+00
2.750188555691410e-03	2.502256e+00
2.751641746033872e-03	2.501208e+00
2.753180031199667e-03	2.500051e+00
2.754671088850255e-03	2.499492e+00
2.755815819051928e-03	2.499731e+00
2.756916730362534e-03	2.500135e+00
2.757821329567014e-03	2.500019e+00
2.758631776190366e-03	2.499686e+00
2.759513740954074e-03	2.499491e+00
2.760440792813085e-03	2.499420e+00
2.761856818057417e-03	2.499319e+00
2.764618125448110e-03	2.499060e+00
2.766209394641712e-03	2.499021e+00
2.767587841721096e-03	2.499341e+00
2.768814241220786e-03	2.499919e+00
2.770065572697481e-03	2.500342e+00
2.771074954885147e-03	2.500369e+00
2.772145732912880e-03	2.500242e+00
2.773320250650455e-03	2.499895e+00
2.774299771403155e-03	2.499436e+00
2.775157980947376e-03	2.499274e+00
2.775947165458283e-03	2.499587e+00
2.776788381678546e-03	2.500069e+00
2.777631292813157e-03	2.500214e+00
2.778406334813145e-03	2.500153e+00
2.779182232279862e-03	2.500370e+00
2.779852016531978e-03	2.500802e+00
2.780556784391925e-03	2.501148e+00
2.781064284894078e-03	2.501205e+00
2.781618634069459e-03	2.501104e+00
2.782165555416235e-03	2.500926e+00
2.782979735596154e-03	2.500692e+00
2.783922803103899e-03	2.500497e+00
2.785228349940871e-03	2.500451e+00
2.786191847386797e-03	2.500896e+00
2.787145692208012e-03	2.501659e+00
2.788120333141532e-03	2.502075e+00
2.789286012768882e-03	2.501728e+00
2.790420104771419e-03	2.500946e+00
2.791509971579121e-03	2.500447e+00
2.792578864752842e-03	2.500440e+00
2.793853485497842e-03	2.500455e+00
2.795064684103240e-03	2.499959e+00
2.796257166978705e-03	2.499354e+00
2.797136113976912e-03	2.499509e+00
2.798023793880251e-03	2.500193e+00
2.799030862217387e-03	2.500854e+00
2.799981596441285e-03	2.501177e+00
2.801568071529662e-03	2.501305e+00
2.803392755833726e-03	2.501090e+00
2.805483291623986e-03	2.500623e+00
2.807745226260676e-03	2.499957e+00
2.810408431117186e-03	2.499307e+00
2.812869107560915e-03	2.499087e+00
2.815004499029593e-03	2.499135e+00
2.817269331020916e-03	2.499380e+00
2.818453733569828e-03	2.499534e+00
2.819368008167325e-03	2.499606e+00
2.821071940449078e-03	2.499683e+00
2.822731661807348e-03	2.499574e+00
2.823962515452035e-03	2.499242e+00
2.825194771858805e-03	2.499027e+00
2.826417049632528e-03	2.499243e+00
2.827622845101763e-03	2.499396e+00
2.828771085676591e-03	2.499080e+00
2.829477074718147e-03	2.498945e+00
2.830477097301462e-03	2.499244e+00
2.831241539752638e-03	2.499538e+00
2.832040564259566e-03	2.499665e+00
2.833162446355208e-03	2.499710e+00
2.834259981986430e-03	2.499673e+00
2.835356155360780e-03	2.499550e+00
2.836876774476253e-03	2.499142e+00
2.838456494157608e-03	2.498357e+00
2.839236991959327e-03	2.498062e+00
2.840162052177666e-03	2.498215e+00
2.841091669835203e-03	2.498860e+00
2.841951885457782e-03	2.499564e+00
2.842926048659632e-03	2.500182e+00
2.844589888218686e-03	2.501027e+00
2.846325459268112e-03	2.501831e+00
2.849796601366962e-03	2.503170e+00
2.853013692410754e-03	2.503593e+00
2.855607574350025e-03	2.502834e+00
2.858123535139947e-03	2.501662e+00
2.860860762226948e-03	2.500387e+00
2.862938657876369e-03	2.498967e+00
2.865223170823397e-03	2.497182e+00
2.866473570768204e-03	2.496777e+00
2.867759931638477e-03	2.497252e+00
2.868737304896206e-03	2.497978e+00
2.869697018210898e-03	2.498517e+00
2.870268102987560e-03	2.498482e+00
2.870838687471811e-03	2.498227e+00
2.871471572071560e-03	2.498142e+00
2.872252524043806e-03	2.498499e+00
2.872994958777015e-03	2.498925e+00
2.873787855978613e-03	2.499021e+00
2.874623829265151e-03	2.498982e+00
2.875390866115686e-03	2.499317e+00
2.876345412110888e-03	2.500082e+00
2.877444040578927e-03	2.500598e+00
2.878490137013956e-03	2.500461e+00
2.879542669255556e-03	2.500251e+00
2.880499724202189e-03	2.500460e+00
2.881500838714399e-03	2.500783e+00
2.882588697093112e-03	2.500762e+00
2.883264447300935e-03	2.500466e+00
2.883943324294404e-03	2.500100e+00
2.884663635737224e-03	2.499958e+00
2.885126754485511e-03	2.500093e+00
2.885648518090530e-03	2.500392e+00
2.886198121728200e-03	2.500684e+00
2.886720354053449e-03	2.500835e+00
2.887147981428808e-03	2.500818e+00
2.887586906891659e-03	2.500682e+00
2.888144287142056e-03	2.500490e+00
2.888919260324411e-03	2.500460e+00
2.889525209643048e-03	2.500724e+00
2.890220236201446e-03	2.501095e+00
2.891029939432297e-03	2.501259e+00
2.892041863095661e-03	2.501375e+00
2.893010596638949e-03	2.501631e+00
2.894083059285399e-03	2.501692e+00
2.895291963714936e-03	2.501124e+00
2.896740089658151e-03	2.499981e+00
2.898183825781774e-03	2.499041e+00
2.899624532319285e-03	2.498755e+00
2.900588673600104e-03	2.499053e+00
2.901665327136801e-03	2.499637e+00
2.902717051338515e-03	2.500163e+00
2.904671822974621e-03	2.500878e+00
2.906119835081488e-03	2.500885e+00
2.907132519050675e-03	2.500400e+00
2.908390572049631e-03	2.499516e+00
2.909498585125319e-03	2.498930e+00
2.910667887323244e-03	2.498629e+00
2.911494701079206e-03	2.498617e+00
2.912405435018200e-03	2.498936e+00
2.913071201558669e-03	2.499374e+00
2.913800075634659e-03	2.499906e+00
2.914404936756407e-03	2.500201e+00
2.915082674053017e-03	2.500193e+00
2.915649197542813e-03	2.500127e+00
2.916219335260989e-03	2.500257e+00
2.916795242362338e-03	2.500318e+00
2.917166542993515e-03	2.500119e+00
2.917537967333743e-03	2.499854e+00
2.917919634146041e-03	2.499743e+00
2.918351771624054e-03	2.499713e+00
2.918790267917319e-03	2.499551e+00
2.919359727598054e-03	2.499227e+00
2.919896466972774e-03	2.499168e+00
2.920465264067214e-03	2.499452e+00
2.921058106490600e-03	2.499735e+00
2.921728874060598e-03	2.499627e+00
2.922346467253488e-03	2.499124e+00
2.923009131282231e-03	2.498476e+00
2.923762883309308e-03	2.497946e+00
2.924572846405658e-03	2.497882e+00
2.925591133382524e-03	2.498596e+00
2.926295528909321e-03	2.499239e+00
2.927103934034461e-03	2.499596e+00
2.927843278082220e-03	2.499744e+00
2.928552035846182e-03	2.499923e+00
2.929181016329144e-03	2.499775e+00
2.929848949776643e-03	2.499241e+00
2.930548076111725e-03	2.498767e+00
2.931334456631992e-03	2.498635e+00
2.932113048303846e-03	2.498801e+00
2.932982541437879e-03	2.499069e+00
2.933828077546413e-03	2.499462e+00
2.934791263214166e-03	2.500148e+00
2.935900075281714e-03	2.500928e+00
2.937128154929126e-03	2.501559e+00
2.938202702496181e-03	2.501841e+00
2.939506050379803e-03	2.501824e+00
2.940365812529683e-03	2.501603e+00
2.941500057955398e-03	2.501195e+00
2.942587261507594e-03	2.500932e+00
2.943834300608914e-03	2.500757e+00
2.945255333482728e-03	2.500422e+00
2.946927252452105e-03	2.499882e+00
2.948603277145339e-03	2.499684e+00
2.949492358113062e-03	2.500023e+00
2.950412032790310e-03	2.500584e+00
2.951325096284726e-03	2.500831e+00
2.952362567905547e-03	2.500739e+00
2.953361145589598e-03	2.500544e+00
2.954860680231297e-03	2.500146e+00
2.956976801757662e-03	2.499342e+00
2.959086338539597e-03	2.498437e+00
2.961102445271366e-03	2.497701e+00
2.962327774425801e-03	2.497564e+00
2.963680066126806e-03	2.497886e+00
2.965562849889991e-03	2.498751e+00
2.967500027681917e-03	2.499867e+00
2.970508294291528e-03	2.501564e+00
2.971988829166764e-03	2.501766e+00
2.973089433104379e-03	2.501417e+00
2.974194509843357e-03	2.501109e+00
2.974991679345138e-03	2.500843e+00
2.975632862698553e-03	2.500446e+00
2.976294424077188e-03	2.500072e+00
2.976894103153157e-03	2.499802e+00
2.977559983786911e-03	2.499422e+00
2.978384218776879e-03	2.498960e+00
2.979097965100322e-03	2.498829e+00
2.979663969949719e-03	2.499106e+00
2.980256817849402e-03	2.499658e+00
2.980868891614472e-03	2.500044e+00
2.981413487351625e-03	2.499978e+00
2.982032794806816e-03	2.499597e+00
2.982591481866477e-03	2.499282e+00
2.983435222598743e-03	2.499104e+00
2.984404115787080e-03	2.499146e+00
2.985404212947631e-03	2.499257e+00
2.986604479557905e-03	2.499655e+00
2.987896260481754e-03	2.500611e+00
2.989125342743415e-03	2.501643e+00
2.990440141847026e-03	2.502297e+00
2.991417124019675e-03	2.502428e+00
2.992364159855417e-03	2.502425e+00
2.994148334573017e-03	2.502316e+00
2.996453220601323e-03	2.502154e+00
2.998695110196007e-03	2.501929e+00
3.000000000000000e-03	2.501432e+00
